-4.000000 1.000000 1.269185 64
-4.000000 1.000000 1.269185 64
-4.000000 1.000000 1.269185 64
-4.000000 1.000000 1.269185 64
-2.875000 0.125000 1.269185 64
-4.000000 1.000000 1.269185 64
-4.000000 1.000000 1.269185 64
-2.875000 0.156250 1.269185 64
-3.000000 0.000000 1.289085 64
-4.000000 1.000000 1.289085 64
-3.000000 0.500000 1.289085 64
-3.000000 0.500000 1.289085 64
-4.000000 1.000000 1.289085 64
-4.000000 1.000000 1.289085 64
-4.000000 1.000000 1.289085 64
-3.000000 0.000000 1.289085 64
-4.000000 1.000000 1.308785 64
-4.000000 1.000000 1.308785 64
-4.000000 1.000000 1.308785 64
-4.000000 1.000000 1.308785 64
-4.000000 1.000000 1.308785 64
-4.000000 1.000000 1.308785 64
-4.000000 1.000000 1.308785 64
-4.000000 1.000000 1.308785 64
-4.000000 1.000000 1.328285 64
-4.000000 1.000000 1.328285 64
-4.000000 1.000000 1.328285 64
-3.000000 0.500000 1.328285 64
-4.000000 1.000000 1.328285 64
-4.000000 1.000000 1.328285 64
-4.000000 1.000000 1.328285 64
-4.000000 1.000000 1.328285 64
-3.000000 0.500000 1.347585 64
-4.000000 1.000000 1.347585 64
-4.000000 1.000000 1.347585 64
-3.000000 0.000000 1.347585 64
-4.000000 1.000000 1.347585 64
-4.000000 1.000000 1.347585 64
-2.875000 0.093750 1.347585 64
-4.000000 1.000000 1.347585 64
-4.000000 1.000000 1.366685 64
-4.000000 1.000000 1.366685 64
-4.000000 1.000000 1.366685 64
-4.000000 1.000000 1.366685 64
-4.000000 1.000000 1.366685 64
-4.000000 1.000000 1.366685 64
-4.000000 1.000000 1.366685 64
-4.000000 1.000000 1.366685 64
-4.000000 1.000000 1.385585 64
-2.875000 0.218750 1.385585 64
-4.000000 1.000000 1.385585 64
-4.000000 1.000000 1.385585 64
-4.000000 1.000000 1.385585 64
-3.000000 0.000000 1.385585 64
-2.750000 0.187500 1.385585 64
-4.000000 1.000000 1.385585 64
-4.000000 1.000000 1.404285 64
-4.000000 1.000000 1.404285 64
-4.000000 1.000000 1.404285 64
-3.000000 0.500000 1.404285 64
-4.000000 1.000000 1.404285 64
-4.000000 1.000000 1.404285 64
-4.000000 1.000000 1.404285 64
-3.000000 0.250000 1.404285 64
-4.000000 1.000000 1.422785 64
-4.000000 1.000000 1.422785 64
-4.000000 1.000000 1.422785 64
-4.000000 1.000000 1.422785 64
-4.000000 1.000000 1.422785 64
-3.000000 0.250000 1.422785 64
-2.875000 0.031250 1.422785 64
-4.000000 1.000000 1.422785 64
-4.000000 1.000000 1.441085 64
-4.000000 1.000000 1.441085 64
-4.000000 1.000000 1.441085 64
-2.875000 0.156250 1.441085 64
-3.000000 0.250000 1.441085 64
-4.000000 1.000000 1.441085 64
-4.000000 1.000000 1.441085 64
-2.875000 0.312500 1.441085 64
-4.000000 1.000000 1.459185 64
-3.000000 0.000000 1.459185 64
-4.000000 1.000000 1.459185 64
-4.000000 1.000000 1.459185 64
-4.000000 1.000000 1.459185 64
-4.000000 1.000000 1.459185 64
-4.000000 1.000000 1.459185 64
-4.000000 1.000000 1.459185 64
-4.000000 1.000000 1.477085 64
-4.000000 1.000000 1.477085 64
-2.875000 0.187500 1.477085 64
-2.875000 0.031250 1.477085 64
-4.000000 1.000000 1.477085 64
-4.000000 1.000000 1.477085 64
-2.875000 0.468750 1.477085 64
-4.000000 1.000000 1.477085 64
-3.000000 0.250000 1.494785 64
-4.000000 1.000000 1.494785 64
-4.000000 1.000000 1.494785 64
-2.875000 0.218750 1.494785 64
-4.000000 1.000000 1.494785 64
-4.000000 1.000000 1.494785 64
-3.000000 0.000000 1.494785 64
-4.000000 1.000000 1.494785 64
-4.000000 1.000000 1.512285 64
-4.000000 1.000000 1.512285 64
-4.000000 1.000000 1.512285 64
-3.000000 0.250000 1.512285 64
-3.000000 0.250000 1.512285 64
-4.000000 1.000000 1.512285 64
-4.000000 1.000000 1.512285 64
-3.000000 0.000000 1.512285 64
-2.875000 0.187500 1.529585 64
-3.000000 0.000000 1.529585 64
-4.000000 1.000000 1.529585 64
-4.000000 1.000000 1.529585 64
-4.000000 1.000000 1.529585 64
-4.000000 1.000000 1.529585 64
-4.000000 1.000000 1.529585 64
-4.000000 1.000000 1.529585 64
-3.000000 0.000000 1.546685 64
-4.000000 1.000000 1.546685 64
-2.750000 0.375000 1.546685 64
-4.000000 1.000000 1.546685 64
-3.000000 0.000000 1.546685 64
-4.000000 1.000000 1.546685 64
-4.000000 1.000000 1.546685 64
-4.000000 1.000000 1.546685 64
-4.000000 1.000000 1.563585 64
-4.000000 1.000000 1.563585 64
-4.000000 1.000000 1.563585 64
-4.000000 1.000000 1.563585 64
-4.000000 1.000000 1.563585 64
-4.000000 1.000000 1.563585 64
-4.000000 1.000000 1.563585 64
-4.000000 1.000000 1.563585 64
-4.000000 1.000000 1.580285 64
-4.000000 1.000000 1.580285 64
-4.000000 1.000000 1.580285 64
-4.000000 1.000000 1.580285 64
-4.000000 1.000000 1.580285 64
-4.000000 1.000000 1.580285 64
-2.875000 0.187500 1.580285 64
-4.000000 1.000000 1.580285 64
-3.000000 0.250000 1.596785 64
-4.000000 1.000000 1.596785 64
-4.000000 1.000000 1.596785 64
-4.000000 1.000000 1.596785 64
-4.000000 1.000000 1.596785 64
-3.000000 0.250000 1.596785 64
-4.000000 1.000000 1.596785 64
-3.000000 0.000000 1.596785 64
-2.750000 0.250000 1.613085 64
-4.000000 1.000000 1.613085 64
-4.000000 1.000000 1.613085 64
-4.000000 1.000000 1.613085 64
-4.000000 1.000000 1.613085 64
-2.875000 0.406250 1.613085 64
-4.000000 1.000000 1.613085 64
-2.750000 0.281250 1.613085 64
-4.000000 1.000000 1.629185 64
-4.000000 1.000000 1.629185 64
-4.000000 1.000000 1.629185 64
-4.000000 1.000000 1.629185 64
-4.000000 1.000000 1.629185 64
-4.000000 1.000000 1.629185 64
-4.000000 1.000000 1.629185 64
-2.750000 0.312500 1.629185 64
-4.000000 1.000000 1.645085 64
-4.000000 1.000000 1.645085 64
-2.750000 0.250000 1.645085 64
-4.000000 1.000000 1.645085 64
-4.000000 1.000000 1.645085 64
-4.000000 1.000000 1.645085 64
-4.000000 1.000000 1.645085 64
-2.625000 0.125000 1.645085 64
-4.000000 1.000000 1.660785 64
-4.000000 1.000000 1.660785 64
-3.000000 0.000000 1.660785 64
-4.000000 1.000000 1.660785 64
-2.875000 0.156250 1.660785 64
-4.000000 1.000000 1.660785 64
-4.000000 1.000000 1.660785 64
-4.000000 1.000000 1.660785 64
-4.000000 1.000000 1.676285 64
-4.000000 1.000000 1.676285 64
-4.000000 1.000000 1.676285 64
-4.000000 1.000000 1.676285 64
-4.000000 1.000000 1.676285 64
-4.000000 1.000000 1.676285 64
-4.000000 1.000000 1.676285 64
-4.000000 1.000000 1.676285 64
-4.000000 1.000000 1.691585 64
-4.000000 1.000000 1.691585 64
-2.875000 0.031250 1.691585 64
-4.000000 1.000000 1.691585 64
-4.000000 1.000000 1.691585 64
-4.000000 1.000000 1.691585 64
-4.000000 1.000000 1.691585 64
-2.875000 0.281250 1.691585 64
-2.750000 0.218750 1.706685 64
-4.000000 1.000000 1.706685 64
-4.000000 1.000000 1.706685 64
-4.000000 1.000000 1.706685 64
-2.750000 0.125000 1.706685 64
-4.000000 1.000000 1.706685 64
-4.000000 1.000000 1.706685 64
-4.000000 1.000000 1.706685 64
-2.875000 0.406250 1.721585 64
-2.750000 0.562500 1.721585 64
-4.000000 1.000000 1.721585 64
-4.000000 1.000000 1.721585 64
-4.000000 1.000000 1.721585 64
-4.000000 1.000000 1.721585 64
-4.000000 1.000000 1.721585 64
-2.750000 0.125000 1.721585 64
-3.000000 0.500000 1.736285 64
-4.000000 1.000000 1.736285 64
-4.000000 1.000000 1.736285 64
-3.000000 0.500000 1.736285 64
-4.000000 1.000000 1.736285 64
-4.000000 1.000000 1.736285 64
-4.000000 1.000000 1.736285 64
-4.000000 1.000000 1.736285 64
-4.000000 1.000000 1.750785 64
-2.750000 0.093750 1.750785 64
-4.000000 1.000000 1.750785 64
-4.000000 1.000000 1.750785 64
-4.000000 1.000000 1.750785 64
-3.000000 0.500000 1.750785 64
-4.000000 1.000000 1.750785 64
-4.000000 1.000000 1.750785 64
-4.000000 1.000000 1.765085 64
-4.000000 1.000000 1.765085 64
-4.000000 1.000000 1.765085 64
-4.000000 1.000000 1.765085 64
-4.000000 1.000000 1.765085 64
-4.000000 1.000000 1.765085 64
-4.000000 1.000000 1.765085 64
-3.750000 0.968750 1.765085 64
-2.875000 0.093750 1.779185 64
-4.000000 1.000000 1.779185 64
-4.000000 1.000000 1.779185 64
-2.750000 0.218750 1.779185 64
-2.750000 0.093750 1.779185 64
-2.875000 0.406250 1.779185 64
-4.000000 1.000000 1.779185 64
-4.000000 1.000000 1.779185 64
-4.000000 1.000000 1.793085 64
-4.000000 1.000000 1.793085 64
-4.000000 1.000000 1.793085 64
-4.000000 1.000000 1.793085 64
-4.000000 1.000000 1.793085 64
-4.000000 1.000000 1.793085 64
-2.875000 0.031250 1.793085 64
-4.000000 1.000000 1.793085 64
-4.000000 1.000000 1.806785 64
-4.000000 1.000000 1.806785 64
-4.000000 1.000000 1.806785 64
-2.875000 0.375000 1.806785 64
-4.000000 1.000000 1.806785 64
-4.000000 1.000000 1.806785 64
-4.000000 1.000000 1.806785 64
-4.000000 1.000000 1.806785 64
-4.000000 1.000000 1.820285 64
-4.000000 1.000000 1.820285 64
-4.000000 1.000000 1.820285 64
-4.000000 1.000000 1.820285 64
-2.875000 0.656250 1.820285 64
-4.000000 1.000000 1.820285 64
-4.000000 1.000000 1.820285 64
-4.000000 1.000000 1.820285 64
-4.000000 1.000000 1.833585 64
-4.000000 1.000000 1.833585 64
-4.000000 1.000000 1.833585 64
-4.000000 1.000000 1.833585 64
-4.000000 1.000000 1.833585 64
-4.000000 1.000000 1.833585 64
-4.000000 1.000000 1.833585 64
-4.000000 1.000000 1.833585 64
-4.000000 1.000000 1.846685 64
-4.000000 1.000000 1.846685 64
-2.875000 0.281250 1.846685 64
-2.875000 0.281250 1.846685 64
-4.000000 1.000000 1.846685 64
-4.000000 1.000000 1.846685 64
-2.750000 0.000000 1.846685 64
-4.000000 1.000000 1.846685 64
-4.000000 1.000000 1.859585 64
-4.000000 1.000000 1.859585 64
-4.000000 1.000000 1.859585 64
-4.000000 1.000000 1.859585 64
-4.000000 1.000000 1.859585 64
-4.000000 1.000000 1.859585 64
-2.625000 0.093750 1.859585 64
-4.000000 1.000000 1.859585 64
-4.000000 1.000000 1.872285 64
-4.000000 1.000000 1.872285 64
-4.000000 1.000000 1.872285 64
-2.875000 0.375000 1.872285 64
-4.000000 1.000000 1.872285 64
-4.000000 1.000000 1.872285 64
-2.875000 0.125000 1.872285 64
-4.000000 1.000000 1.872285 64
-2.500000 0.125000 1.884785 64
-4.000000 1.000000 1.884785 64
-4.000000 1.000000 1.884785 64
-4.000000 1.000000 1.884785 64
-4.000000 1.000000 1.884785 64
-4.000000 1.000000 1.884785 64
-4.000000 1.000000 1.884785 64
-2.750000 0.250000 1.884785 64
-4.000000 1.000000 1.897085 64
-4.000000 1.000000 1.897085 64
-4.000000 1.000000 1.897085 64
-4.000000 1.000000 1.897085 64
-4.000000 1.000000 1.897085 64
-4.000000 1.000000 1.897085 64
-3.125000 0.750000 1.897085 64
-4.000000 1.000000 1.897085 64
-4.000000 1.000000 1.909185 64
-4.000000 1.000000 1.909185 64
-4.000000 1.000000 1.909185 64
-3.000000 0.000000 1.909185 64
-4.000000 1.000000 1.909185 64
-4.000000 1.000000 1.909185 64
-4.000000 1.000000 1.909185 64
-4.000000 1.000000 1.909185 64
-4.000000 1.000000 1.921085 64
-4.000000 1.000000 1.921085 64
-4.000000 1.000000 1.921085 64
-4.000000 1.000000 1.921085 64
-2.875000 0.687500 1.921085 64
-3.000000 0.500000 1.921085 64
-4.000000 1.000000 1.921085 64
-2.875000 0.031250 1.921085 64
-4.000000 1.000000 1.932785 64
-4.000000 1.000000 1.932785 64
-4.000000 1.000000 1.932785 64
-2.750000 0.125000 1.932785 64
-4.000000 1.000000 1.932785 64
-4.000000 1.000000 1.932785 64
-4.000000 1.000000 1.932785 64
-4.000000 1.000000 1.932785 64
-4.000000 1.000000 1.944285 64
-4.000000 1.000000 1.944285 64
-4.000000 1.000000 1.944285 64
-4.000000 1.000000 1.944285 64
-4.000000 1.000000 1.944285 64
-4.000000 1.000000 1.944285 64
-4.000000 1.000000 1.944285 64
-2.875000 0.218750 1.944285 64
-4.000000 1.000000 1.955585 64
-4.000000 1.000000 1.955585 64
-2.875000 0.656250 1.955585 64
-4.000000 1.000000 1.955585 64
-4.000000 1.000000 1.955585 64
-4.000000 1.000000 1.955585 64
-4.000000 1.000000 1.955585 64
-4.000000 1.000000 1.955585 64
-4.000000 1.000000 1.966685 64
-2.875000 0.187500 1.966685 64
-4.000000 1.000000 1.966685 64
-4.000000 1.000000 1.966685 64
-4.000000 1.000000 1.966685 64
-4.000000 1.000000 1.966685 64
-4.000000 1.000000 1.966685 64
-4.000000 1.000000 1.966685 64
-2.750000 0.250000 1.977585 64
-4.000000 1.000000 1.977585 64
-4.000000 1.000000 1.977585 64
-4.000000 1.000000 1.977585 64
-4.000000 1.000000 1.977585 64
-4.000000 1.000000 1.977585 64
-4.000000 1.000000 1.977585 64
-4.000000 1.000000 1.977585 64
-4.000000 1.000000 1.988285 64
-4.000000 1.000000 1.988285 64
-2.875000 0.125000 1.988285 64
-4.000000 1.000000 1.988285 64
-4.000000 1.000000 1.988285 64
-4.000000 1.000000 1.988285 64
-4.000000 1.000000 1.988285 64
-2.875000 0.343750 1.988285 64
-4.000000 1.000000 1.998785 64
-4.000000 1.000000 1.998785 64
-4.000000 1.000000 1.998785 64
-4.000000 1.000000 1.998785 64
-4.000000 1.000000 1.998785 64
-4.000000 1.000000 1.998785 64
-4.000000 1.000000 1.998785 64
-2.500000 0.281250 1.998785 64
-4.000000 1.000000 2.009085 64
-4.000000 1.000000 2.009085 64
-2.625000 0.062500 2.009085 64
-4.000000 1.000000 2.009085 64
-4.000000 1.000000 2.009085 64
-4.000000 1.000000 2.009085 64
-4.000000 1.000000 2.009085 64
-4.000000 1.000000 2.009085 64
-4.000000 1.000000 2.019185 64
-4.000000 1.000000 2.019185 64
-4.000000 1.000000 2.019185 64
-4.000000 1.000000 2.019185 64
-4.000000 1.000000 2.019185 64
-2.875000 0.187500 2.019185 64
-4.000000 1.000000 2.019185 64
-4.000000 1.000000 2.019185 64
-2.875000 0.312500 2.029085 64
-4.000000 1.000000 2.029085 64
-4.000000 1.000000 2.029085 64
-4.000000 1.000000 2.029085 64
-4.000000 1.000000 2.029085 64
-4.000000 1.000000 2.029085 64
-4.000000 1.000000 2.029085 64
-4.000000 1.000000 2.029085 64
-2.625000 0.312500 2.038785 64
-4.000000 1.000000 2.038785 64
-2.875000 0.156250 2.038785 64
-4.000000 1.000000 2.038785 64
-4.000000 1.000000 2.038785 64
-4.000000 1.000000 2.038785 64
-4.000000 1.000000 2.038785 64
-4.000000 1.000000 2.038785 64
-4.000000 1.000000 2.048285 64
-4.000000 1.000000 2.048285 64
-4.000000 1.000000 2.048285 64
-4.000000 1.000000 2.048285 64
-4.000000 1.000000 2.048285 64
-3.000000 0.000000 2.048285 64
-2.875000 0.156250 2.048285 64
-4.000000 1.000000 2.048285 64
-4.000000 1.000000 2.057585 64
-4.000000 1.000000 2.057585 64
-4.000000 1.000000 2.057585 64
-4.000000 1.000000 2.057585 64
-4.000000 1.000000 2.057585 64
-4.000000 1.000000 2.057585 64
-4.000000 1.000000 2.057585 64
-4.000000 1.000000 2.057585 64
-3.125000 0.718750 2.066685 64
-4.000000 1.000000 2.066685 64
-4.000000 1.000000 2.066685 64
-4.000000 1.000000 2.066685 64
-2.875000 0.093750 2.066685 64
-4.000000 1.000000 2.066685 64
-4.000000 1.000000 2.066685 64
-4.000000 1.000000 2.066685 64
-4.000000 1.000000 2.075585 64
-4.000000 1.000000 2.075585 64
-4.000000 1.000000 2.075585 64
-4.000000 1.000000 2.075585 64
-4.000000 1.000000 2.075585 64
-4.000000 1.000000 2.075585 64
-4.000000 1.000000 2.075585 64
-4.000000 1.000000 2.075585 64
-2.875000 0.281250 2.084285 64
-2.875000 0.281250 2.084285 64
-4.000000 1.000000 2.084285 64
-4.000000 1.000000 2.084285 64
-4.000000 1.000000 2.084285 64
-4.000000 1.000000 2.084285 64
-4.000000 1.000000 2.084285 64
-4.000000 1.000000 2.084285 64
-4.000000 1.000000 2.092785 64
-4.000000 1.000000 2.092785 64
-4.000000 1.000000 2.092785 64
-2.750000 0.375000 2.092785 64
-4.000000 1.000000 2.092785 64
-4.000000 1.000000 2.092785 64
-4.000000 1.000000 2.092785 64
-4.000000 1.000000 2.092785 64
-4.000000 1.000000 2.101085 64
-2.750000 0.062500 2.101085 64
-4.000000 1.000000 2.101085 64
-4.000000 1.000000 2.101085 64
-2.875000 0.156250 2.101085 64
-4.000000 1.000000 2.101085 64
-3.000000 0.250000 2.101085 64
-4.000000 1.000000 2.101085 64
-4.000000 1.000000 2.109185 64
-4.000000 1.000000 2.109185 64
-4.000000 1.000000 2.109185 64
-4.000000 1.000000 2.109185 64
-2.875000 0.406250 2.109185 64
-4.000000 1.000000 2.109185 64
-4.000000 1.000000 2.109185 64
-4.000000 1.000000 2.109185 64
-4.000000 1.000000 2.117085 64
-4.000000 1.000000 2.117085 64
-4.000000 1.000000 2.117085 64
-4.000000 1.000000 2.117085 64
-2.750000 0.312500 2.117085 64
-4.000000 1.000000 2.117085 64
-2.750000 0.093750 2.117085 64
-4.000000 1.000000 2.117085 64
-4.000000 1.000000 2.124785 64
-4.000000 1.000000 2.124785 64
-4.000000 1.000000 2.124785 64
-4.000000 1.000000 2.124785 64
-3.000000 0.000000 2.124785 64
-4.000000 1.000000 2.124785 64
-4.000000 1.000000 2.124785 64
-4.000000 1.000000 2.124785 64
-4.000000 1.000000 2.132285 64
-4.000000 1.000000 2.132285 64
-4.000000 1.000000 2.132285 64
-4.000000 1.000000 2.132285 64
-4.000000 1.000000 2.132285 64
-4.000000 1.000000 2.132285 64
-4.000000 1.000000 2.132285 64
-2.875000 0.093750 2.132285 64
-4.000000 1.000000 2.139585 64
-2.750000 0.187500 2.139585 64
-4.000000 1.000000 2.139585 64
-2.750000 0.250000 2.139585 64
-4.000000 1.000000 2.139585 64
-4.000000 1.000000 2.139585 64
-4.000000 1.000000 2.139585 64
-4.000000 1.000000 2.139585 64
-4.000000 1.000000 2.146685 64
-4.000000 1.000000 2.146685 64
-4.000000 1.000000 2.146685 64
-4.000000 1.000000 2.146685 64
-4.000000 1.000000 2.146685 64
-4.000000 1.000000 2.146685 64
-2.750000 0.375000 2.146685 64
-4.000000 1.000000 2.146685 64
-2.750000 0.125000 2.153585 64
-4.000000 1.000000 2.153585 64
-2.625000 0.281250 2.153585 64
-4.000000 1.000000 2.153585 64
-4.000000 1.000000 2.153585 64
-4.000000 1.000000 2.153585 64
-4.000000 1.000000 2.153585 64
-4.000000 1.000000 2.153585 64
-4.000000 1.000000 2.160285 64
-2.875000 0.437500 2.160285 64
-4.000000 1.000000 2.160285 64
-4.000000 1.000000 2.160285 64
-4.000000 1.000000 2.160285 64
-2.750000 0.031250 2.160285 64
-4.000000 1.000000 2.160285 64
-2.750000 0.000000 2.160285 64
-4.000000 1.000000 2.166785 64
-4.000000 1.000000 2.166785 64
-4.000000 1.000000 2.166785 64
-4.000000 1.000000 2.166785 64
-4.000000 1.000000 2.166785 64
-4.000000 1.000000 2.166785 64
-4.000000 1.000000 2.166785 64
-4.000000 1.000000 2.166785 64
-4.000000 1.000000 2.173085 64
-2.750000 0.218750 2.173085 64
-4.000000 1.000000 2.173085 64
-4.000000 1.000000 2.173085 64
-4.000000 1.000000 2.173085 64
-4.000000 1.000000 2.173085 64
-4.000000 1.000000 2.173085 64
-4.000000 1.000000 2.173085 64
-4.000000 1.000000 2.179185 64
-4.000000 1.000000 2.179185 64
-3.000000 0.718750 2.179185 64
-4.000000 1.000000 2.179185 64
-4.000000 1.000000 2.179185 64
-4.000000 1.000000 2.179185 64
-4.000000 1.000000 2.179185 64
-2.750000 0.156250 2.179185 64
-4.000000 1.000000 2.185085 64
-4.000000 1.000000 2.185085 64
-4.000000 1.000000 2.185085 64
-2.750000 0.093750 2.185085 64
-4.000000 1.000000 2.185085 64
-4.000000 1.000000 2.185085 64
-4.000000 1.000000 2.185085 64
-2.750000 0.062500 2.185085 64
-4.000000 1.000000 2.190785 64
-4.000000 1.000000 2.190785 64
-2.750000 0.187500 2.190785 64
-3.000000 0.250000 2.190785 64
-4.000000 1.000000 2.190785 64
-4.000000 1.000000 2.190785 64
-4.000000 1.000000 2.190785 64
-2.750000 0.187500 2.190785 64
-4.000000 1.000000 2.196285 64
-4.000000 1.000000 2.196285 64
-4.000000 1.000000 2.196285 64
-2.875000 0.281250 2.196285 64
-4.000000 1.000000 2.196285 64
-4.000000 1.000000 2.196285 64
-2.875000 0.187500 2.196285 64
-4.000000 1.000000 2.196285 64
-4.000000 1.000000 2.201585 64
-4.000000 1.000000 2.201585 64
-4.000000 1.000000 2.201585 64
-4.000000 1.000000 2.201585 64
-4.000000 1.000000 2.201585 64
-4.000000 1.000000 2.201585 64
-4.000000 1.000000 2.201585 64
-4.000000 1.000000 2.201585 64
-4.000000 1.000000 2.206685 64
-3.750000 0.968750 2.206685 64
-4.000000 1.000000 2.206685 64
-4.000000 1.000000 2.206685 64
-4.000000 1.000000 2.206685 64
-4.000000 1.000000 2.206685 64
-4.000000 1.000000 2.206685 64
-3.750000 0.968750 2.206685 64
-4.000000 1.000000 2.211585 64
-4.000000 1.000000 2.211585 64
-4.000000 1.000000 2.211585 64
-4.000000 1.000000 2.211585 64
-4.000000 1.000000 2.211585 64
-4.000000 1.000000 2.211585 64
-4.000000 1.000000 2.211585 64
-4.000000 1.000000 2.211585 64
-4.000000 1.000000 2.216285 64
-4.000000 1.000000 2.216285 64
-4.000000 1.000000 2.216285 64
-4.000000 1.000000 2.216285 64
-2.625000 0.281250 2.216285 64
-2.750000 0.062500 2.216285 64
-4.000000 1.000000 2.216285 64
-4.000000 1.000000 2.216285 64
-4.000000 1.000000 2.220785 64
-2.625000 0.031250 2.220785 64
-2.750000 0.125000 2.220785 64
-4.000000 1.000000 2.220785 64
-4.000000 1.000000 2.220785 64
-2.750000 0.250000 2.220785 64
-4.000000 1.000000 2.220785 64
-4.000000 1.000000 2.220785 64
-4.000000 1.000000 2.225085 64
-4.000000 1.000000 2.225085 64
-4.000000 1.000000 2.225085 64
-3.000000 0.000000 2.225085 64
-4.000000 1.000000 2.225085 64
-4.000000 1.000000 2.225085 64
-2.875000 0.281250 2.225085 64
-4.000000 1.000000 2.225085 64
-4.000000 1.000000 2.229185 64
-4.000000 1.000000 2.229185 64
-3.750000 0.968750 2.229185 64
-4.000000 1.000000 2.229185 64
-4.000000 1.000000 2.229185 64
-4.000000 1.000000 2.229185 64
-4.000000 1.000000 2.229185 64
-4.000000 1.000000 2.229185 64
-4.000000 1.000000 2.233085 64
-4.000000 1.000000 2.233085 64
-4.000000 1.000000 2.233085 64
-4.000000 1.000000 2.233085 64
-4.000000 1.000000 2.233085 64
-4.000000 1.000000 2.233085 64
-4.000000 1.000000 2.233085 64
-2.625000 0.156250 2.233085 64
-4.000000 1.000000 2.236785 64
-4.000000 1.000000 2.236785 64
-4.000000 1.000000 2.236785 64
-4.000000 1.000000 2.236785 64
-3.750000 0.968750 2.236785 64
-4.000000 1.000000 2.236785 64
-4.000000 1.000000 2.236785 64
-4.000000 1.000000 2.236785 64
-4.000000 1.000000 2.240285 64
-4.000000 1.000000 2.240285 64
-4.000000 1.000000 2.240285 64
-4.000000 1.000000 2.240285 64
-4.000000 1.000000 2.240285 64
-4.000000 1.000000 2.240285 64
-4.000000 1.000000 2.240285 64
-4.000000 1.000000 2.240285 64
-4.000000 1.000000 2.243585 64
-4.000000 1.000000 2.243585 64
-2.500000 0.031250 2.243585 64
-2.625000 0.250000 2.243585 64
-4.000000 1.000000 2.243585 64
-4.000000 1.000000 2.243585 64
-4.000000 1.000000 2.243585 64
-4.000000 1.000000 2.243585 64
-2.750000 0.093750 2.246685 64
-4.000000 1.000000 2.246685 64
-4.000000 1.000000 2.246685 64
-4.000000 1.000000 2.246685 64
-4.000000 1.000000 2.246685 64
-4.000000 1.000000 2.246685 64
-4.000000 1.000000 2.246685 64
-4.000000 1.000000 2.246685 64
-2.625000 0.500000 2.249585 64
-4.000000 1.000000 2.249585 64
-4.000000 1.000000 2.249585 64
-4.000000 1.000000 2.249585 64
-4.000000 1.000000 2.249585 64
-4.000000 1.000000 2.249585 64
-4.000000 1.000000 2.249585 64
-4.000000 1.000000 2.249585 64
-4.000000 1.000000 2.252285 64
-4.000000 1.000000 2.252285 64
-4.000000 1.000000 2.252285 64
-4.000000 1.000000 2.252285 64
-4.000000 1.000000 2.252285 64
-4.000000 1.000000 2.252285 64
-4.000000 1.000000 2.252285 64
-4.000000 1.000000 2.252285 64
-4.000000 1.000000 2.254785 64
-2.875000 0.156250 2.254785 64
-4.000000 1.000000 2.254785 64
-4.000000 1.000000 2.254785 64
-4.000000 1.000000 2.254785 64
-2.750000 0.437500 2.254785 64
-4.000000 1.000000 2.254785 64
-4.000000 1.000000 2.254785 64
-4.000000 1.000000 2.257085 64
-4.000000 1.000000 2.257085 64
-4.000000 1.000000 2.257085 64
-2.625000 0.312500 2.257085 64
-4.000000 1.000000 2.257085 64
-4.000000 1.000000 2.257085 64
-4.000000 1.000000 2.257085 64
-4.000000 1.000000 2.257085 64
-4.000000 1.000000 2.259185 64
-4.000000 1.000000 2.259185 64
-4.000000 1.000000 2.259185 64
-4.000000 1.000000 2.259185 64
-3.000000 0.250000 2.259185 64
-4.000000 1.000000 2.259185 64
-4.000000 1.000000 2.259185 64
-4.000000 1.000000 2.259185 64
-2.875000 0.312500 2.261085 64
-4.000000 1.000000 2.261085 64
-4.000000 1.000000 2.261085 64
-3.750000 0.968750 2.261085 64
-4.000000 1.000000 2.261085 64
-4.000000 1.000000 2.261085 64
-4.000000 1.000000 2.261085 64
-2.750000 0.625000 2.261085 64
-4.000000 1.000000 2.262785 64
-4.000000 1.000000 2.262785 64
-4.000000 1.000000 2.262785 64
-2.625000 0.312500 2.262785 64
-4.000000 1.000000 2.262785 64
-4.000000 1.000000 2.262785 64
-4.000000 1.000000 2.262785 64
-4.000000 1.000000 2.262785 64
-4.000000 1.000000 2.264285 64
-4.000000 1.000000 2.264285 64
-4.000000 1.000000 2.264285 64
-4.000000 1.000000 2.264285 64
-4.000000 1.000000 2.264285 64
-4.000000 1.000000 2.264285 64
-4.000000 1.000000 2.264285 64
-4.000000 1.000000 2.264285 64
-3.750000 0.968750 2.265585 64
-4.000000 1.000000 2.265585 64
-4.000000 1.000000 2.265585 64
-4.000000 1.000000 2.265585 64
-4.000000 1.000000 2.265585 64
-4.000000 1.000000 2.265585 64
-4.000000 1.000000 2.265585 64
-4.000000 1.000000 2.265585 64
-4.000000 1.000000 2.266685 64
-4.000000 1.000000 2.266685 64
-4.000000 1.000000 2.266685 64
-4.000000 1.000000 2.266685 64
-4.000000 1.000000 2.266685 64
-4.000000 1.000000 2.266685 64
-4.000000 1.000000 2.266685 64
-4.000000 1.000000 2.266685 64
-4.000000 1.000000 2.267585 64
-4.000000 1.000000 2.267585 64
-4.000000 1.000000 2.267585 64
-4.000000 1.000000 2.267585 64
-4.000000 1.000000 2.267585 64
-2.875000 0.375000 2.267585 64
-2.750000 0.156250 2.267585 64
-4.000000 1.000000 2.267585 64
-4.000000 1.000000 2.268285 64
-2.875000 0.031250 2.268285 64
-4.000000 1.000000 2.268285 64
-3.750000 0.968750 2.268285 64
-2.625000 0.031250 2.268285 64
-2.625000 0.312500 2.268285 64
-4.000000 1.000000 2.268285 64
-4.000000 1.000000 2.268285 64
-4.000000 1.000000 2.268785 64
-4.000000 1.000000 2.268785 64
-4.000000 1.000000 2.268785 64
-3.000000 0.000000 2.268785 64
-4.000000 1.000000 2.268785 64
-4.000000 1.000000 2.268785 64
-4.000000 1.000000 2.268785 64
-4.000000 1.000000 2.268785 64
-4.000000 1.000000 2.269085 64
-2.875000 0.375000 2.269085 64
-4.000000 1.000000 2.269085 64
-3.750000 0.968750 2.269085 64
-4.000000 1.000000 2.269085 64
-4.000000 1.000000 2.269085 64
-4.000000 1.000000 2.269085 64
-4.000000 1.000000 2.269085 64
-2.625000 0.437500 2.269185 64
-4.000000 1.000000 2.269185 64
-2.500000 0.125000 2.269185 64
-4.000000 1.000000 2.269185 64
-4.000000 1.000000 2.269185 64
-4.000000 1.000000 2.269185 64
-4.000000 1.000000 2.269185 64
-4.000000 1.000000 2.269185 64
-4.000000 1.000000 2.269285 64
-4.000000 1.000000 2.269285 64
-2.875000 0.093750 2.269285 64
-4.000000 1.000000 2.269285 64
-4.000000 1.000000 2.269285 64
-4.000000 1.000000 2.269285 64
-4.000000 1.000000 2.269285 64
-4.000000 1.000000 2.269285 64
-4.000000 1.000000 2.269585 64
-4.000000 1.000000 2.269585 64
-4.000000 1.000000 2.269585 64
-4.000000 1.000000 2.269585 64
-2.750000 0.156250 2.269585 64
-4.000000 1.000000 2.269585 64
-4.000000 1.000000 2.269585 64
-4.000000 1.000000 2.269585 64
-4.000000 1.000000 2.270085 64
-4.000000 1.000000 2.270085 64
-4.000000 1.000000 2.270085 64
-3.750000 0.968750 2.270085 64
-4.000000 1.000000 2.270085 64
-4.000000 1.000000 2.270085 64
-4.000000 1.000000 2.270085 64
-4.000000 1.000000 2.270085 64
-4.000000 1.000000 2.270785 64
-4.000000 1.000000 2.270785 64
-2.750000 0.312500 2.270785 64
-4.000000 1.000000 2.270785 64
-2.750000 0.312500 2.270785 64
-4.000000 1.000000 2.270785 64
-3.750000 0.968750 2.270785 64
-4.000000 1.000000 2.270785 64
-2.625000 0.281250 2.271685 64
-2.750000 0.312500 2.271685 64
-4.000000 1.000000 2.271685 64
-4.000000 1.000000 2.271685 64
-4.000000 1.000000 2.271685 64
-4.000000 1.000000 2.271685 64
-4.000000 1.000000 2.271685 64
-3.625000 0.937500 2.271685 64
-4.000000 1.000000 2.272785 64
-4.000000 1.000000 2.272785 64
-4.000000 1.000000 2.272785 64
-4.000000 1.000000 2.272785 64
-4.000000 1.000000 2.272785 64
-4.000000 1.000000 2.272785 64
-2.625000 0.062500 2.272785 64
-4.000000 1.000000 2.272785 64
-4.000000 1.000000 2.274085 64
-4.000000 1.000000 2.274085 64
-4.000000 1.000000 2.274085 64
-4.000000 1.000000 2.274085 64
-4.000000 1.000000 2.274085 64
-4.000000 1.000000 2.274085 64
-4.000000 1.000000 2.274085 64
-2.750000 0.625000 2.274085 64
-4.000000 1.000000 2.275585 64
-4.000000 1.000000 2.275585 64
-2.500000 0.468750 2.275585 64
-4.000000 1.000000 2.275585 64
-4.000000 1.000000 2.275585 64
-4.000000 1.000000 2.275585 64
-4.000000 1.000000 2.275585 64
-4.000000 1.000000 2.275585 64
-2.750000 0.218750 2.277285 64
-4.000000 1.000000 2.277285 64
-4.000000 1.000000 2.277285 64
-4.000000 1.000000 2.277285 64
-4.000000 1.000000 2.277285 64
-4.000000 1.000000 2.277285 64
-4.000000 1.000000 2.277285 64
-4.000000 1.000000 2.277285 64
-4.000000 1.000000 2.279185 64
-4.000000 1.000000 2.279185 64
-4.000000 1.000000 2.279185 64
-4.000000 1.000000 2.279185 64
-4.000000 1.000000 2.279185 64
-4.000000 1.000000 2.279185 64
-4.000000 1.000000 2.279185 64
-4.000000 1.000000 2.279185 64
-2.750000 0.250000 2.281285 64
-4.000000 1.000000 2.281285 64
-4.000000 1.000000 2.281285 64
-4.000000 1.000000 2.281285 64
-4.000000 1.000000 2.281285 64
-4.000000 1.000000 2.281285 64
-4.000000 1.000000 2.281285 64
-4.000000 1.000000 2.281285 64
-2.625000 0.031250 2.283585 64
-4.000000 1.000000 2.283585 64
-4.000000 1.000000 2.283585 64
-4.000000 1.000000 2.283585 64
-2.750000 0.343750 2.283585 64
-4.000000 1.000000 2.283585 64
-2.500000 0.093750 2.283585 64
-4.000000 1.000000 2.283585 64
-4.000000 1.000000 2.286085 64
-4.000000 1.000000 2.286085 64
-4.000000 1.000000 2.286085 64
-2.750000 0.062500 2.286085 64
-4.000000 1.000000 2.286085 64
-2.875000 0.281250 2.286085 64
-4.000000 1.000000 2.286085 64
-4.000000 1.000000 2.286085 64
-4.000000 1.000000 2.288785 64
-3.750000 0.968750 2.288785 64
-4.000000 1.000000 2.288785 64
-4.000000 1.000000 2.288785 64
-4.000000 1.000000 2.288785 64
-2.750000 0.406250 2.288785 64
-3.750000 0.968750 2.288785 64
-4.000000 1.000000 2.288785 64
-4.000000 1.000000 2.291685 64
-4.000000 1.000000 2.291685 64
-4.000000 1.000000 2.291685 64
-4.000000 1.000000 2.291685 64
-4.000000 1.000000 2.291685 64
-4.000000 1.000000 2.291685 64
-4.000000 1.000000 2.291685 64
-4.000000 1.000000 2.291685 64
-4.000000 1.000000 2.294785 64
-4.000000 1.000000 2.294785 64
-4.000000 1.000000 2.294785 64
-4.000000 1.000000 2.294785 64
-4.000000 1.000000 2.294785 64
-2.625000 0.000000 2.294785 64
-2.625000 0.062500 2.294785 64
-4.000000 1.000000 2.294785 64
-4.000000 1.000000 2.298085 64
-4.000000 1.000000 2.298085 64
-3.000000 0.000000 2.298085 64
-2.750000 0.312500 2.298085 64
-2.875000 0.031250 2.298085 64
-2.750000 0.437500 2.298085 64
-4.000000 1.000000 2.298085 64
-4.000000 1.000000 2.298085 64
-4.000000 1.000000 2.301585 64
-4.000000 1.000000 2.301585 64
-4.000000 1.000000 2.301585 64
-4.000000 1.000000 2.301585 64
-4.000000 1.000000 2.301585 64
-4.000000 1.000000 2.301585 64
-2.500000 0.281250 2.301585 64
-4.000000 1.000000 2.301585 64
-4.000000 1.000000 2.305285 64
-4.000000 1.000000 2.305285 64
-4.000000 1.000000 2.305285 64
-4.000000 1.000000 2.305285 64
-4.000000 1.000000 2.305285 64
-4.000000 1.000000 2.305285 64
-4.000000 1.000000 2.305285 64
-4.000000 1.000000 2.305285 64
-4.000000 1.000000 2.309185 64
-4.000000 1.000000 2.309185 64
-4.000000 1.000000 2.309185 64
-2.625000 0.156250 2.309185 64
-4.000000 1.000000 2.309185 64
-4.000000 1.000000 2.309185 64
-4.000000 1.000000 2.309185 64
-4.000000 1.000000 2.309185 64
-4.000000 1.000000 2.313285 64
-4.000000 1.000000 2.313285 64
-4.000000 1.000000 2.313285 64
-2.625000 0.625000 2.313285 64
-2.625000 0.437500 2.313285 64
-4.000000 1.000000 2.313285 64
-3.750000 0.968750 2.313285 64
-3.750000 0.968750 2.313285 64
-2.750000 0.250000 2.317585 64
-2.625000 0.343750 2.317585 64
-4.000000 1.000000 2.317585 64
-4.000000 1.000000 2.317585 64
-4.000000 1.000000 2.317585 64
-4.000000 1.000000 2.317585 64
-3.750000 0.968750 2.317585 64
-4.000000 1.000000 2.317585 64
-4.000000 1.000000 2.322085 64
-4.000000 1.000000 2.322085 64
-4.000000 1.000000 2.322085 64
-2.250000 0.125000 2.322085 64
-4.000000 1.000000 2.322085 64
-4.000000 1.000000 2.322085 64
-4.000000 1.000000 2.322085 64
-2.875000 0.156250 2.322085 64
-4.000000 1.000000 2.326785 64
-4.000000 1.000000 2.326785 64
-2.750000 0.093750 2.326785 64
-4.000000 1.000000 2.326785 64
-2.750000 0.750000 2.326785 64
-4.000000 1.000000 2.326785 64
-2.750000 0.343750 2.326785 64
-2.625000 0.093750 2.326785 64
-4.000000 1.000000 2.331685 64
-4.000000 1.000000 2.331685 64
-4.000000 1.000000 2.331685 64
-4.000000 1.000000 2.331685 64
-4.000000 1.000000 2.331685 64
-2.750000 0.000000 2.331685 64
-2.750000 0.093750 2.331685 64
-2.625000 0.156250 2.331685 64
-4.000000 1.000000 2.336785 64
-4.000000 1.000000 2.336785 64
-2.625000 0.031250 2.336785 64
-4.000000 1.000000 2.336785 64
-4.000000 1.000000 2.336785 64
-4.000000 1.000000 2.336785 64
-4.000000 1.000000 2.336785 64
-4.000000 1.000000 2.336785 64
-2.625000 0.093750 2.342085 64
-4.000000 1.000000 2.342085 64
-3.000000 0.000000 2.342085 64
-4.000000 1.000000 2.342085 64
-4.000000 1.000000 2.342085 64
-2.750000 0.500000 2.342085 64
-4.000000 1.000000 2.342085 64
-4.000000 1.000000 2.342085 64
-3.500000 0.937500 2.347585 64
-2.875000 0.031250 2.347585 64
-4.000000 1.000000 2.347585 64
-4.000000 1.000000 2.347585 64
-4.000000 1.000000 2.347585 64
-4.000000 1.000000 2.347585 64
-4.000000 1.000000 2.347585 64
-4.000000 1.000000 2.347585 64
-4.000000 1.000000 2.353285 64
-2.750000 0.156250 2.353285 64
-4.000000 1.000000 2.353285 64
-4.000000 1.000000 2.353285 64
-4.000000 1.000000 2.353285 64
-4.000000 1.000000 2.353285 64
-4.000000 1.000000 2.353285 64
-4.000000 1.000000 2.353285 64
-4.000000 1.000000 2.359185 64
-4.000000 1.000000 2.359185 64
-4.000000 1.000000 2.359185 64
-4.000000 1.000000 2.359185 64
-4.000000 1.000000 2.359185 64
-2.625000 0.375000 2.359185 64
-4.000000 1.000000 2.359185 64
-4.000000 1.000000 2.359185 64
-4.000000 1.000000 2.365285 64
-4.000000 1.000000 2.365285 64
-4.000000 1.000000 2.365285 64
-4.000000 1.000000 2.365285 64
-2.750000 0.500000 2.365285 64
-4.000000 1.000000 2.365285 64
-3.750000 0.968750 2.365285 64
-4.000000 1.000000 2.365285 64
-4.000000 1.000000 2.371585 64
-4.000000 1.000000 2.371585 64
-4.000000 1.000000 2.371585 64
-4.000000 1.000000 2.371585 64
-4.000000 1.000000 2.371585 64
-3.750000 0.968750 2.371585 64
-3.750000 0.968750 2.371585 64
-4.000000 1.000000 2.371585 64
-4.000000 1.000000 2.378085 64
-4.000000 1.000000 2.378085 64
-4.000000 1.000000 2.378085 64
-3.750000 0.968750 2.378085 64
-4.000000 1.000000 2.378085 64
-4.000000 1.000000 2.378085 64
-3.750000 0.968750 2.378085 64
-4.000000 1.000000 2.378085 64
-4.000000 1.000000 2.384785 64
-4.000000 1.000000 2.384785 64
-2.750000 0.093750 2.384785 64
-4.000000 1.000000 2.384785 64
-4.000000 1.000000 2.384785 64
-3.125000 0.656250 2.384785 64
-4.000000 1.000000 2.384785 64
-4.000000 1.000000 2.384785 64
-4.000000 1.000000 2.391685 64
-4.000000 1.000000 2.391685 64
-4.000000 1.000000 2.391685 64
-4.000000 1.000000 2.391685 64
-4.000000 1.000000 2.391685 64
-4.000000 1.000000 2.391685 64
-4.000000 1.000000 2.391685 64
-4.000000 1.000000 2.391685 64
-4.000000 1.000000 2.398785 64
-4.000000 1.000000 2.398785 64
-4.000000 1.000000 2.398785 64
-4.000000 1.000000 2.398785 64
-4.000000 1.000000 2.398785 64
-2.875000 0.156250 2.398785 64
-4.000000 1.000000 2.398785 64
-4.000000 1.000000 2.398785 64
-4.000000 1.000000 2.406085 64
-2.500000 0.125000 2.406085 64
-2.750000 0.312500 2.406085 64
-3.750000 0.968750 2.406085 64
-3.750000 0.968750 2.406085 64
-4.000000 1.000000 2.406085 64
-4.000000 1.000000 2.406085 64
-4.000000 1.000000 2.406085 64
-2.875000 0.593750 2.413585 64
-4.000000 1.000000 2.413585 64
-4.000000 1.000000 2.413585 64
-4.000000 1.000000 2.413585 64
-4.000000 1.000000 2.413585 64
-2.750000 0.156250 2.413585 64
-4.000000 1.000000 2.413585 64
-4.000000 1.000000 2.413585 64
-4.000000 1.000000 2.421285 64
-4.000000 1.000000 2.421285 64
-4.000000 1.000000 2.421285 64
-4.000000 1.000000 2.421285 64
-4.000000 1.000000 2.421285 64
-2.875000 0.093750 2.421285 64
-2.500000 0.062500 2.421285 64
-2.500000 0.062500 2.421285 64
-4.000000 1.000000 2.429185 64
-4.000000 1.000000 2.429185 64
-4.000000 1.000000 2.429185 64
-2.875000 0.375000 2.429185 64
-4.000000 1.000000 2.429185 64
-3.750000 0.968750 2.429185 64
-3.750000 0.968750 2.429185 64
-4.000000 1.000000 2.429185 64
-4.000000 1.000000 2.437285 64
-2.875000 0.093750 2.437285 64
-4.000000 1.000000 2.437285 64
-3.750000 0.968750 2.437285 64
-4.000000 1.000000 2.437285 64
-4.000000 1.000000 2.437285 64
-4.000000 1.000000 2.437285 64
-4.000000 1.000000 2.437285 64
-4.000000 1.000000 2.445585 64
-4.000000 1.000000 2.445585 64
-4.000000 1.000000 2.445585 64
-4.000000 1.000000 2.445585 64
-4.000000 1.000000 2.445585 64
-4.000000 1.000000 2.445585 64
-2.750000 0.062500 2.445585 64
-4.000000 1.000000 2.445585 64
-2.250000 0.031250 2.454085 64
-4.000000 1.000000 2.454085 64
-2.875000 0.218750 2.454085 64
-4.000000 1.000000 2.454085 64
-2.875000 0.593750 2.454085 64
-4.000000 1.000000 2.454085 64
-4.000000 1.000000 2.454085 64
-4.000000 1.000000 2.454085 64
-4.000000 1.000000 2.462785 64
-4.000000 1.000000 2.462785 64
-2.875000 0.062500 2.462785 64
-4.000000 1.000000 2.462785 64
-4.000000 1.000000 2.462785 64
-4.000000 1.000000 2.462785 64
-3.750000 0.968750 2.462785 64
-4.000000 1.000000 2.462785 64
-2.875000 0.187500 2.471685 64
-4.000000 1.000000 2.471685 64
-2.375000 0.031250 2.471685 64
-4.000000 1.000000 2.471685 64
-4.000000 1.000000 2.471685 64
-4.000000 1.000000 2.471685 64
-3.750000 0.968750 2.471685 64
-2.500000 0.281250 2.471685 64
-3.750000 0.968750 2.480785 64
-2.500000 0.187500 2.480785 64
-4.000000 1.000000 2.480785 64
-4.000000 1.000000 2.480785 64
-4.000000 1.000000 2.480785 64
-3.750000 0.968750 2.480785 64
-4.000000 1.000000 2.480785 64
-4.000000 1.000000 2.480785 64
-2.750000 0.031250 2.490085 64
-3.750000 0.968750 2.490085 64
-4.000000 1.000000 2.490085 64
-4.000000 1.000000 2.490085 64
-4.000000 1.000000 2.490085 64
-4.000000 1.000000 2.490085 64
-4.000000 1.000000 2.490085 64
-2.750000 0.156250 2.490085 64
-3.750000 0.968750 2.499585 64
-2.750000 0.250000 2.499585 64
-4.000000 1.000000 2.499585 64
-4.000000 1.000000 2.499585 64
-4.000000 1.000000 2.499585 64
-3.750000 0.968750 2.499585 64
-4.000000 1.000000 2.499585 64
-4.000000 1.000000 2.499585 64
-4.000000 1.000000 2.509285 64
-4.000000 1.000000 2.509285 64
-2.875000 0.218750 2.509285 64
-4.000000 1.000000 2.509285 64
-4.000000 1.000000 2.509285 64
-2.750000 0.031250 2.509285 64
-4.000000 1.000000 2.509285 64
-2.625000 0.406250 2.509285 64
-4.000000 1.000000 2.519185 64
-4.000000 1.000000 2.519185 64
-4.000000 1.000000 2.519185 64
-4.000000 1.000000 2.519185 64
-4.000000 1.000000 2.519185 64
-2.375000 0.031250 2.519185 64
-4.000000 1.000000 2.519185 64
-4.000000 1.000000 2.519185 64
-4.000000 1.000000 2.529285 64
-3.750000 0.968750 2.529285 64
-4.000000 1.000000 2.529285 64
-4.000000 1.000000 2.529285 64
-4.000000 1.000000 2.529285 64
-3.750000 0.968750 2.529285 64
-3.750000 0.968750 2.529285 64
-3.750000 0.968750 2.529285 64
-4.000000 1.000000 2.539585 64
-4.000000 1.000000 2.539585 64
-2.625000 0.156250 2.539585 64
-4.000000 1.000000 2.539585 64
-4.000000 1.000000 2.539585 64
-4.000000 1.000000 2.539585 64
-4.000000 1.000000 2.539585 64
-4.000000 1.000000 2.539585 64
-4.000000 1.000000 2.550085 64
-4.000000 1.000000 2.550085 64
-4.000000 1.000000 2.550085 64
-4.000000 1.000000 2.550085 64
-4.000000 1.000000 2.550085 64
-2.500000 0.312500 2.550085 64
-4.000000 1.000000 2.550085 64
-2.750000 0.031250 2.550085 64
-3.750000 0.968750 2.560785 64
-2.500000 0.187500 2.560785 64
-2.625000 0.062500 2.560785 64
-4.000000 1.000000 2.560785 64
-4.000000 1.000000 2.560785 64
-4.000000 1.000000 2.560785 64
-4.000000 1.000000 2.560785 64
-4.000000 1.000000 2.560785 64
-4.000000 1.000000 2.571685 64
-4.000000 1.000000 2.571685 64
-4.000000 1.000000 2.571685 64
-4.000000 1.000000 2.571685 64
-2.625000 0.031250 2.571685 64
-4.000000 1.000000 2.571685 64
-4.000000 1.000000 2.571685 64
-4.000000 1.000000 2.571685 64
-4.000000 1.000000 2.582785 64
-2.500000 0.031250 2.582785 64
-4.000000 1.000000 2.582785 64
-4.000000 1.000000 2.582785 64
-4.000000 1.000000 2.582785 64
-2.875000 0.593750 2.582785 64
-4.000000 1.000000 2.582785 64
-4.000000 1.000000 2.582785 64
-4.000000 1.000000 2.594085 64
-2.875000 0.312500 2.594085 64
-4.000000 1.000000 2.594085 64
-4.000000 1.000000 2.594085 64
-4.000000 1.000000 2.594085 64
-4.000000 1.000000 2.594085 64
-4.000000 1.000000 2.594085 64
-4.000000 1.000000 2.594085 64
-4.000000 1.000000 2.605585 64
-4.000000 1.000000 2.605585 64
-3.625000 0.937500 2.605585 64
-4.000000 1.000000 2.605585 64
-3.625000 0.937500 2.605585 64
-4.000000 1.000000 2.605585 64
-4.000000 1.000000 2.605585 64
-4.000000 1.000000 2.605585 64
-4.000000 1.000000 2.617285 64
-4.000000 1.000000 2.617285 64
-4.000000 1.000000 2.617285 64
-4.000000 1.000000 2.617285 64
-2.750000 0.250000 2.617285 64
-3.750000 0.968750 2.617285 64
-4.000000 1.000000 2.617285 64
-3.750000 0.968750 2.617285 64
-3.750000 0.968750 2.629185 64
-4.000000 1.000000 2.629185 64
-3.750000 0.968750 2.629185 64
-3.750000 0.968750 2.629185 64
-4.000000 1.000000 2.629185 64
-4.000000 1.000000 2.629185 64
-4.000000 1.000000 2.629185 64
-4.000000 1.000000 2.629185 64
-4.000000 1.000000 2.641285 64
-4.000000 1.000000 2.641285 64
-4.000000 1.000000 2.641285 64
-4.000000 1.000000 2.641285 64
-3.750000 0.968750 2.641285 64
-4.000000 1.000000 2.641285 64
-4.000000 1.000000 2.641285 64
-4.000000 1.000000 2.641285 64
-4.000000 1.000000 2.653585 64
-4.000000 1.000000 2.653585 64
-2.750000 0.312500 2.653585 64
-4.000000 1.000000 2.653585 64
-4.000000 1.000000 2.653585 64
-4.000000 1.000000 2.653585 64
-3.500000 0.937500 2.653585 64
-4.000000 1.000000 2.653585 64
-2.625000 0.406250 2.666085 64
-3.125000 0.812500 2.666085 64
-4.000000 1.000000 2.666085 64
-4.000000 1.000000 2.666085 64
-4.000000 1.000000 2.666085 64
-4.000000 1.000000 2.666085 64
-4.000000 1.000000 2.666085 64
-4.000000 1.000000 2.666085 64
-2.625000 0.093750 2.678785 64
-4.000000 1.000000 2.678785 64
-3.750000 0.968750 2.678785 64
-3.750000 0.968750 2.678785 64
-4.000000 1.000000 2.678785 64
-4.000000 1.000000 2.678785 64
-4.000000 1.000000 2.678785 64
-4.000000 1.000000 2.678785 64
-3.750000 0.968750 2.691685 64
-2.750000 0.281250 2.691685 64
-4.000000 1.000000 2.691685 64
-4.000000 1.000000 2.691685 64
-4.000000 1.000000 2.691685 64
-4.000000 1.000000 2.691685 64
-4.000000 1.000000 2.691685 64
-4.000000 1.000000 2.691685 64
-4.000000 1.000000 2.704785 64
-4.000000 1.000000 2.704785 64
-4.000000 1.000000 2.704785 64
-4.000000 1.000000 2.704785 64
-4.000000 1.000000 2.704785 64
-4.000000 1.000000 2.704785 64
-4.000000 1.000000 2.704785 64
-4.000000 1.000000 2.704785 64
-4.000000 1.000000 2.718085 64
-4.000000 1.000000 2.718085 64
-4.000000 1.000000 2.718085 64
-2.500000 0.250000 2.718085 64
-4.000000 1.000000 2.718085 64
-3.750000 0.968750 2.718085 64
-4.000000 1.000000 2.718085 64
-4.000000 1.000000 2.718085 64
-4.000000 1.000000 2.731585 64
-4.000000 1.000000 2.731585 64
-4.000000 1.000000 2.731585 64
-3.750000 0.968750 2.731585 64
-4.000000 1.000000 2.731585 64
-2.375000 0.218750 2.731585 64
-4.000000 1.000000 2.731585 64
-4.000000 1.000000 2.731585 64
-4.000000 1.000000 2.745285 64
-4.000000 1.000000 2.745285 64
-4.000000 1.000000 2.745285 64
-4.000000 1.000000 2.745285 64
-4.000000 1.000000 2.745285 64
-4.000000 1.000000 2.745285 64
-4.000000 1.000000 2.745285 64
-4.000000 1.000000 2.745285 64
-4.000000 1.000000 2.759185 64
-4.000000 1.000000 2.759185 64
-3.750000 0.968750 2.759185 64
-2.500000 0.187500 2.759185 64
-4.000000 1.000000 2.759185 64
-4.000000 1.000000 2.759185 64
-4.000000 1.000000 2.759185 64
-4.000000 1.000000 2.759185 64
-4.000000 1.000000 2.773285 64
-4.000000 1.000000 2.773285 64
-4.000000 1.000000 2.773285 64
-3.750000 0.968750 2.773285 64
-2.625000 0.437500 2.773285 64
-4.000000 1.000000 2.773285 64
-4.000000 1.000000 2.773285 64
-4.000000 1.000000 2.773285 64
-4.000000 1.000000 2.787585 64
-4.000000 1.000000 2.787585 64
-3.750000 0.968750 2.787585 64
-3.750000 0.968750 2.787585 64
-4.000000 1.000000 2.787585 64
-4.000000 1.000000 2.787585 64
-2.500000 0.281250 2.787585 64
-4.000000 1.000000 2.787585 64
-2.625000 0.281250 2.802085 64
-4.000000 1.000000 2.802085 64
-3.500000 0.937500 2.802085 64
-2.750000 0.406250 2.802085 64
-3.750000 0.968750 2.802085 64
-3.750000 0.968750 2.802085 64
-4.000000 1.000000 2.802085 64
-4.000000 1.000000 2.802085 64
-3.750000 0.968750 2.816785 64
-4.000000 1.000000 2.816785 64
-4.000000 1.000000 2.816785 64
-4.000000 1.000000 2.816785 64
-4.000000 1.000000 2.816785 64
-4.000000 1.000000 2.816785 64
-4.000000 1.000000 2.816785 64
-4.000000 1.000000 2.816785 64
-4.000000 1.000000 2.831685 64
-3.750000 0.968750 2.831685 64
-4.000000 1.000000 2.831685 64
-4.000000 1.000000 2.831685 64
-3.750000 0.968750 2.831685 64
-2.375000 0.500000 2.831685 64
-4.000000 1.000000 2.831685 64
-4.000000 1.000000 2.831685 64
-3.625000 0.937500 2.846785 64
-4.000000 1.000000 2.846785 64
-4.000000 1.000000 2.846785 64
-4.000000 1.000000 2.846785 64
-4.000000 1.000000 2.846785 64
-4.000000 1.000000 2.846785 64
-4.000000 1.000000 2.846785 64
-4.000000 1.000000 2.846785 64
-4.000000 1.000000 2.862085 64
-4.000000 1.000000 2.862085 64
-4.000000 1.000000 2.862085 64
-4.000000 1.000000 2.862085 64
-4.000000 1.000000 2.862085 64
-4.000000 1.000000 2.862085 64
-3.750000 0.968750 2.862085 64
-4.000000 1.000000 2.862085 64
-4.000000 1.000000 2.877585 64
-4.000000 1.000000 2.877585 64
-4.000000 1.000000 2.877585 64
-4.000000 1.000000 2.877585 64
-2.375000 0.218750 2.877585 64
-4.000000 1.000000 2.877585 64
-3.750000 0.968750 2.877585 64
-3.500000 0.937500 2.877585 64
-4.000000 1.000000 2.893285 64
-4.000000 1.000000 2.893285 64
-4.000000 1.000000 2.893285 64
-3.750000 0.968750 2.893285 64
-4.000000 1.000000 2.893285 64
-4.000000 1.000000 2.893285 64
-4.000000 1.000000 2.893285 64
-3.750000 0.968750 2.893285 64
-3.750000 0.968750 2.909185 64
-3.250000 0.875000 2.909185 64
-2.500000 0.468750 2.909185 64
-3.750000 0.968750 2.909185 64
-3.625000 0.937500 2.909185 64
-4.000000 1.000000 2.909185 64
-4.000000 1.000000 2.909185 64
-4.000000 1.000000 2.909185 64
-3.750000 0.968750 2.925285 64
-4.000000 1.000000 2.925285 64
-3.250000 0.781250 2.925285 64
-3.750000 0.968750 2.925285 64
-2.375000 0.250000 2.925285 64
-4.000000 1.000000 2.925285 64
-2.625000 0.593750 2.925285 64
-4.000000 1.000000 2.925285 64
-4.000000 1.000000 2.941585 64
-4.000000 1.000000 2.941585 64
-3.500000 0.937500 2.941585 64
-4.000000 1.000000 2.941585 64
-4.000000 1.000000 2.941585 64
-4.000000 1.000000 2.941585 64
-4.000000 1.000000 2.941585 64
-4.000000 1.000000 2.941585 64
-4.000000 1.000000 2.958085 64
-3.750000 0.968750 2.958085 64
-4.000000 1.000000 2.958085 64
-4.000000 1.000000 2.958085 64
-4.000000 1.000000 2.958085 64
-4.000000 1.000000 2.958085 64
-4.000000 1.000000 2.958085 64
-3.500000 0.937500 2.958085 64
-4.000000 1.000000 2.974785 64
-4.000000 1.000000 2.974785 64
-4.000000 1.000000 2.974785 64
-4.000000 1.000000 2.974785 64
-3.750000 0.968750 2.974785 64
-2.375000 0.031250 2.974785 64
-4.000000 1.000000 2.974785 64
-4.000000 1.000000 2.974785 64
-3.750000 0.968750 2.991685 64
-4.000000 1.000000 2.991685 64
-2.625000 0.125000 2.991685 64
-4.000000 1.000000 2.991685 64
-4.000000 1.000000 2.991685 64
-4.000000 1.000000 2.991685 64
-4.000000 1.000000 2.991685 64
-4.000000 1.000000 2.991685 64
-3.750000 0.968750 3.008785 64
-3.750000 0.968750 3.008785 64
-3.750000 0.968750 3.008785 64
-2.875000 0.750000 3.008785 64
-4.000000 1.000000 3.008785 64
-4.000000 1.000000 3.008785 64
-3.750000 0.968750 3.008785 64
-4.000000 1.000000 3.008785 64
-4.000000 1.000000 3.026085 64
-4.000000 1.000000 3.026085 64
-4.000000 1.000000 3.026085 64
-3.750000 0.968750 3.026085 64
-4.000000 1.000000 3.026085 64
-4.000000 1.000000 3.026085 64
-4.000000 1.000000 3.026085 64
-4.000000 1.000000 3.026085 64
-2.500000 0.625000 3.043585 64
-3.500000 0.937500 3.043585 64
-4.000000 1.000000 3.043585 64
-4.000000 1.000000 3.043585 64
-2.625000 0.562500 3.043585 64
-4.000000 1.000000 3.043585 64
-3.750000 0.968750 3.043585 64
-3.500000 0.937500 3.043585 64
-3.750000 0.968750 3.061285 64
-3.750000 0.968750 3.061285 64
-4.000000 1.000000 3.061285 64
-3.000000 0.625000 3.061285 64
-4.000000 1.000000 3.061285 64
-4.000000 1.000000 3.061285 64
-2.875000 0.125000 3.061285 64
-3.750000 0.968750 3.061285 64
-4.000000 1.000000 3.079185 64
-4.000000 1.000000 3.079185 64
-2.500000 0.343750 3.079185 64
-2.750000 0.187500 3.079185 64
-4.000000 1.000000 3.079185 64
-4.000000 1.000000 3.079185 64
-3.750000 0.968750 3.079185 64
-2.875000 0.656250 3.079185 64
-3.750000 0.968750 3.097285 64
-4.000000 1.000000 3.097285 64
-4.000000 1.000000 3.097285 64
-3.750000 0.968750 3.097285 64
-4.000000 1.000000 3.097285 64
-3.750000 0.968750 3.097285 64
-4.000000 1.000000 3.097285 64
-3.500000 0.937500 3.097285 64
-4.000000 1.000000 3.115585 64
-3.750000 0.968750 3.115585 64
-3.750000 0.968750 3.115585 64
-4.000000 1.000000 3.115585 64
-4.000000 1.000000 3.115585 64
-3.750000 0.968750 3.115585 64
-4.000000 1.000000 3.115585 64
-3.750000 0.968750 3.115585 64
-2.875000 0.656250 3.134085 64
-3.750000 0.968750 3.134085 64
-2.750000 0.125000 3.134085 64
-3.750000 0.968750 3.134085 64
-4.000000 1.000000 3.134085 64
-2.625000 0.031250 3.134085 64
-4.000000 1.000000 3.134085 64
-4.000000 1.000000 3.134085 64
-4.000000 1.000000 3.152785 64
-3.750000 0.968750 3.152785 64
-4.000000 1.000000 3.152785 64
-3.625000 0.937500 3.152785 64
-3.750000 0.968750 3.152785 64
-4.000000 1.000000 3.152785 64
-4.000000 1.000000 3.152785 64
-3.750000 0.968750 3.152785 64
-3.625000 0.937500 3.171685 64
-4.000000 1.000000 3.171685 64
-3.750000 0.968750 3.171685 64
-4.000000 1.000000 3.171685 64
-3.750000 0.968750 3.171685 64
-4.000000 1.000000 3.171685 64
-4.000000 1.000000 3.171685 64
-3.500000 0.937500 3.171685 64
-4.000000 1.000000 3.190785 64
-4.000000 1.000000 3.190785 64
-4.000000 1.000000 3.190785 64
-4.000000 1.000000 3.190785 64
-4.000000 1.000000 3.190785 64
-3.750000 0.968750 3.190785 64
-3.750000 0.968750 3.190785 64
-4.000000 1.000000 3.190785 64
-3.750000 0.968750 3.210085 64
-3.750000 0.968750 3.210085 64
-4.000000 1.000000 3.210085 64
-3.500000 0.937500 3.210085 64
-2.375000 0.031250 3.210085 64
-3.750000 0.968750 3.210085 64
-4.000000 1.000000 3.210085 64
-4.000000 1.000000 3.210085 64
-4.000000 1.000000 3.229585 64
-2.250000 0.187500 3.229585 64
-3.750000 0.968750 3.229585 64
-3.750000 0.968750 3.229585 64
-4.000000 1.000000 3.229585 64
-4.000000 1.000000 3.229585 64
-3.500000 0.906250 3.229585 64
-3.750000 0.968750 3.229585 64
-4.000000 1.000000 3.249285 64
-4.000000 1.000000 3.249285 64
-4.000000 1.000000 3.249285 64
-4.000000 1.000000 3.249285 64
-4.000000 1.000000 3.249285 64
-2.750000 0.062500 3.249285 64
-4.000000 1.000000 3.249285 64
-4.000000 1.000000 3.249285 64
