-3.574219 0.135254 1.269185 4096
-3.509766 0.223633 1.269185 4096
-3.632812 0.056641 1.269185 4096
-3.699219 0.368164 1.269185 4096
-3.564453 0.185059 1.269185 4096
-3.585938 0.026855 1.269185 4096
-3.560547 0.028320 1.269185 4096
-3.697266 0.138184 1.269185 4096
-3.552734 0.028809 1.289085 4096
-3.685547 0.058105 1.289085 4096
-3.558594 0.132812 1.289085 4096
-3.802734 0.709961 1.289085 4096
-3.562500 0.098145 1.289085 4096
-3.705078 0.013184 1.289085 4096
-3.621094 0.068359 1.289085 4096
-3.675781 0.401855 1.289085 4096
-3.609375 0.288086 1.308785 4096
-3.613281 0.068359 1.308785 4096
-3.689453 0.090820 1.308785 4096
-3.589844 0.073242 1.308785 4096
-3.572266 0.277344 1.308785 4096
-3.636719 0.001465 1.308785 4096
-3.619141 0.132324 1.308785 4096
-3.585938 0.262695 1.308785 4096
-3.623047 0.313965 1.328285 4096
-3.617188 0.164551 1.328285 4096
-3.650391 0.084961 1.328285 4096
-3.634766 0.351562 1.328285 4096
-3.541016 0.053711 1.328285 4096
-3.601562 0.344727 1.328285 4096
-3.605469 0.126465 1.328285 4096
-3.626953 0.094238 1.328285 4096
-3.478516 0.046387 1.347585 4096
-3.552734 0.134766 1.347585 4096
-3.546875 0.052734 1.347585 4096
-3.568359 0.234375 1.347585 4096
-3.626953 0.060059 1.347585 4096
-3.523438 0.044434 1.347585 4096
-3.556641 0.294922 1.347585 4096
-3.687500 0.187012 1.347585 4096
-3.580078 0.294922 1.366685 4096
-3.634766 0.154297 1.366685 4096
-3.646484 0.162598 1.366685 4096
-3.636719 0.305664 1.366685 4096
-3.623047 0.299805 1.366685 4096
-3.589844 0.121094 1.366685 4096
-3.615234 0.133789 1.366685 4096
-3.541016 0.229980 1.366685 4096
-3.488281 0.145996 1.385585 4096
-3.537109 0.019043 1.385585 4096
-3.562500 0.215820 1.385585 4096
-3.630859 0.328613 1.385585 4096
-3.558594 0.236328 1.385585 4096
-3.564453 0.318359 1.385585 4096
-3.650391 0.066895 1.385585 4096
-3.621094 0.369629 1.385585 4096
-3.548828 0.104980 1.404285 4096
-3.595703 0.211914 1.404285 4096
-3.566406 0.112305 1.404285 4096
-3.560547 0.093262 1.404285 4096
-3.609375 0.162109 1.404285 4096
-3.578125 0.289551 1.404285 4096
-3.630859 0.102539 1.404285 4096
-3.582031 0.120605 1.404285 4096
-3.574219 0.219727 1.422785 4096
-3.537109 0.133789 1.422785 4096
-3.482422 0.203613 1.422785 4096
-3.580078 0.005859 1.422785 4096
-3.583984 0.414551 1.422785 4096
-3.535156 0.230957 1.422785 4096
-3.675781 0.114258 1.422785 4096
-3.582031 0.112305 1.422785 4096
-3.611328 0.229492 1.441085 4096
-3.486328 0.165527 1.441085 4096
-3.562500 0.273926 1.441085 4096
-3.542969 0.244141 1.441085 4096
-3.609375 0.198242 1.441085 4096
-3.585938 0.196289 1.441085 4096
-3.683594 0.036133 1.441085 4096
-3.697266 0.373535 1.441085 4096
-3.478516 0.077148 1.459185 4096
-3.498047 0.001953 1.459185 4096
-3.601562 0.040527 1.459185 4096
-3.611328 0.263184 1.459185 4096
-3.572266 0.161621 1.459185 4096
-3.578125 0.171875 1.459185 4096
-3.640625 0.132812 1.459185 4096
-3.628906 0.031250 1.459185 4096
-3.562500 0.270508 1.477085 4096
-3.613281 0.283691 1.477085 4096
-3.718750 0.489258 1.477085 4096
-3.580078 0.035645 1.477085 4096
-3.523438 0.039062 1.477085 4096
-3.748047 0.161133 1.477085 4096
-3.593750 0.256836 1.477085 4096
-3.568359 0.058594 1.477085 4096
-3.582031 0.117676 1.494785 4096
-3.593750 0.186523 1.494785 4096
-3.550781 0.002930 1.494785 4096
-3.587891 0.084961 1.494785 4096
-3.630859 0.008301 1.494785 4096
-3.640625 0.135254 1.494785 4096
-3.544922 0.313965 1.494785 4096
-3.617188 0.138184 1.494785 4096
-3.535156 0.212402 1.512285 4096
-3.576172 0.037109 1.512285 4096
-3.615234 0.159668 1.512285 4096
-3.556641 0.190430 1.512285 4096
-3.554688 0.039062 1.512285 4096
-3.580078 0.404785 1.512285 4096
-3.658203 0.050781 1.512285 4096
-3.625000 0.119629 1.512285 4096
-3.548828 0.095215 1.529585 4096
-3.583984 0.219727 1.529585 4096
-3.623047 0.348633 1.529585 4096
-3.646484 0.475586 1.529585 4096
-3.541016 0.190918 1.529585 4096
-3.548828 0.104004 1.529585 4096
-3.582031 0.145508 1.529585 4096
-3.673828 0.288574 1.529585 4096
-3.527344 0.135742 1.546685 4096
-3.550781 0.104492 1.546685 4096
-3.564453 0.240234 1.546685 4096
-3.546875 0.033203 1.546685 4096
-3.552734 0.195312 1.546685 4096
-3.564453 0.197266 1.546685 4096
-3.554688 0.161621 1.546685 4096
-3.658203 0.500977 1.546685 4096
-3.572266 0.199707 1.563585 4096
-3.582031 0.153809 1.563585 4096
-3.615234 0.265137 1.563585 4096
-3.556641 0.116699 1.563585 4096
-3.611328 0.131836 1.563585 4096
-3.535156 0.052246 1.563585 4096
-3.648438 0.195801 1.563585 4096
-3.693359 0.088379 1.563585 4096
-3.505859 0.137207 1.580285 4096
-3.519531 0.039062 1.580285 4096
-3.548828 0.111816 1.580285 4096
-3.566406 0.113281 1.580285 4096
-3.597656 0.198242 1.580285 4096
-3.505859 0.130371 1.580285 4096
-3.605469 0.208984 1.580285 4096
-3.615234 0.220703 1.580285 4096
-3.544922 0.056152 1.596785 4096
-3.574219 0.114258 1.596785 4096
-3.546875 0.177734 1.596785 4096
-3.642578 0.368164 1.596785 4096
-3.519531 0.138184 1.596785 4096
-3.644531 0.118652 1.596785 4096
-3.697266 0.383789 1.596785 4096
-3.492188 0.106934 1.596785 4096
-3.673828 0.394531 1.613085 4096
-3.628906 0.109863 1.613085 4096
-3.630859 0.170410 1.613085 4096
-3.568359 0.141113 1.613085 4096
-3.562500 0.021484 1.613085 4096
-3.552734 0.187012 1.613085 4096
-3.599609 0.275879 1.613085 4096
-3.583984 0.317383 1.613085 4096
-3.605469 0.196289 1.629185 4096
-3.542969 0.105957 1.629185 4096
-3.726562 0.292969 1.629185 4096
-3.710938 0.145508 1.629185 4096
-3.611328 0.068848 1.629185 4096
-3.587891 0.096191 1.629185 4096
-3.656250 0.322754 1.629185 4096
-3.587891 0.277832 1.629185 4096
-3.437500 0.075684 1.645085 4096
-3.466797 0.020996 1.645085 4096
-3.619141 0.305176 1.645085 4096
-3.505859 0.063965 1.645085 4096
-3.628906 0.222656 1.645085 4096
-3.503906 0.250488 1.645085 4096
-3.634766 0.048340 1.645085 4096
-3.619141 0.177246 1.645085 4096
-3.587891 0.064941 1.660785 4096
-3.617188 0.304688 1.660785 4096
-3.552734 0.105469 1.660785 4096
-3.664062 0.179199 1.660785 4096
-3.589844 0.258301 1.660785 4096
-3.500000 0.137207 1.660785 4096
-3.640625 0.314453 1.660785 4096
-3.558594 0.024902 1.660785 4096
-3.615234 0.152344 1.676285 4096
-3.582031 0.051758 1.676285 4096
-3.583984 0.109863 1.676285 4096
-3.638672 0.213867 1.676285 4096
-3.617188 0.239258 1.676285 4096
-3.632812 0.235840 1.676285 4096
-3.748047 0.139648 1.676285 4096
-3.585938 0.244629 1.676285 4096
-3.443359 0.066406 1.691585 4096
-3.490234 0.103027 1.691585 4096
-3.597656 0.132324 1.691585 4096
-3.609375 0.107910 1.691585 4096
-3.572266 0.166504 1.691585 4096
-3.654297 0.070801 1.691585 4096
-3.552734 0.193848 1.691585 4096
-3.644531 0.187988 1.691585 4096
-3.496094 0.184570 1.706685 4096
-3.515625 0.079590 1.706685 4096
-3.583984 0.135742 1.706685 4096
-3.628906 0.126465 1.706685 4096
-3.587891 0.051270 1.706685 4096
-3.650391 0.396484 1.706685 4096
-3.511719 0.185547 1.706685 4096
-3.607422 0.174805 1.706685 4096
-3.525391 0.021973 1.721585 4096
-3.628906 0.040527 1.721585 4096
-3.572266 0.343750 1.721585 4096
-3.681641 0.015625 1.721585 4096
-3.591797 0.347656 1.721585 4096
-3.523438 0.226074 1.721585 4096
-3.503906 0.093750 1.721585 4096
-3.550781 0.208008 1.721585 4096
-3.599609 0.030273 1.736285 4096
-3.591797 0.009277 1.736285 4096
-3.628906 0.125488 1.736285 4096
-3.585938 0.170898 1.736285 4096
-3.587891 0.140625 1.736285 4096
-3.628906 0.103027 1.736285 4096
-3.453125 0.052734 1.736285 4096
-3.527344 0.041504 1.736285 4096
-3.652344 0.244141 1.750785 4096
-3.615234 0.072266 1.750785 4096
-3.544922 0.008301 1.750785 4096
-3.648438 0.215332 1.750785 4096
-3.535156 0.071289 1.750785 4096
-3.570312 0.181641 1.750785 4096
-3.656250 0.337402 1.750785 4096
-3.658203 0.399902 1.750785 4096
-3.628906 0.232910 1.765085 4096
-3.560547 0.133789 1.765085 4096
-3.564453 0.112793 1.765085 4096
-3.626953 0.328613 1.765085 4096
-3.556641 0.039551 1.765085 4096
-3.537109 0.280273 1.765085 4096
-3.603516 0.333496 1.765085 4096
-3.656250 0.223145 1.765085 4096
-3.554688 0.104004 1.779185 4096
-3.589844 0.086426 1.779185 4096
-3.527344 0.091797 1.779185 4096
-3.597656 0.010254 1.779185 4096
-3.582031 0.231445 1.779185 4096
-3.640625 0.161621 1.779185 4096
-3.519531 0.090332 1.779185 4096
-3.539062 0.160156 1.779185 4096
-3.599609 0.267578 1.793085 4096
-3.527344 0.122559 1.793085 4096
-3.474609 0.167969 1.793085 4096
-3.597656 0.009766 1.793085 4096
-3.525391 0.113281 1.793085 4096
-3.628906 0.011719 1.793085 4096
-3.574219 0.078125 1.793085 4096
-3.574219 0.025879 1.793085 4096
-3.636719 0.174805 1.806785 4096
-3.580078 0.117188 1.806785 4096
-3.576172 0.253418 1.806785 4096
-3.619141 0.090332 1.806785 4096
-3.468750 0.119141 1.806785 4096
-3.568359 0.067871 1.806785 4096
-3.521484 0.154785 1.806785 4096
-3.576172 0.388672 1.806785 4096
-3.470703 0.124023 1.820285 4096
-3.669922 0.451172 1.820285 4096
-3.578125 0.151855 1.820285 4096
-3.628906 0.137207 1.820285 4096
-3.566406 0.063965 1.820285 4096
-3.472656 0.043945 1.820285 4096
-3.556641 0.384766 1.820285 4096
-3.570312 0.096191 1.820285 4096
-3.529297 0.197266 1.833585 4096
-3.599609 0.032715 1.833585 4096
-3.523438 0.261719 1.833585 4096
-3.578125 0.221680 1.833585 4096
-3.548828 0.092773 1.833585 4096
-3.531250 0.076172 1.833585 4096
-3.550781 0.377441 1.833585 4096
-3.541016 0.213867 1.833585 4096
-3.535156 0.021973 1.846685 4096
-3.695312 0.589844 1.846685 4096
-3.507812 0.166504 1.846685 4096
-3.613281 0.389160 1.846685 4096
-3.513672 0.197754 1.846685 4096
-3.525391 0.187012 1.846685 4096
-3.679688 0.353027 1.846685 4096
-3.552734 0.104980 1.846685 4096
-3.548828 0.140137 1.859585 4096
-3.542969 0.007324 1.859585 4096
-3.613281 0.255371 1.859585 4096
-3.587891 0.405762 1.859585 4096
-3.615234 0.054199 1.859585 4096
-3.531250 0.056641 1.859585 4096
-3.603516 0.183594 1.859585 4096
-3.617188 0.099609 1.859585 4096
-3.542969 0.029297 1.872285 4096
-3.609375 0.316895 1.872285 4096
-3.527344 0.105469 1.872285 4096
-3.634766 0.221191 1.872285 4096
-3.660156 0.332520 1.872285 4096
-3.527344 0.047852 1.872285 4096
-3.515625 0.021484 1.872285 4096
-3.595703 0.366211 1.872285 4096
-3.576172 0.070312 1.884785 4096
-3.566406 0.013672 1.884785 4096
-3.619141 0.315430 1.884785 4096
-3.511719 0.157715 1.884785 4096
-3.464844 0.215820 1.884785 4096
-3.574219 0.004883 1.884785 4096
-3.636719 0.339355 1.884785 4096
-3.519531 0.143066 1.884785 4096
-3.609375 0.219727 1.897085 4096
-3.558594 0.390625 1.897085 4096
-3.566406 0.029297 1.897085 4096
-3.445312 0.119141 1.897085 4096
-3.611328 0.491211 1.897085 4096
-3.437500 0.144043 1.897085 4096
-3.699219 0.100586 1.897085 4096
-3.623047 0.147949 1.897085 4096
-3.595703 0.054199 1.909185 4096
-3.626953 0.188477 1.909185 4096
-3.496094 0.054199 1.909185 4096
-3.548828 0.068359 1.909185 4096
-3.617188 0.477051 1.909185 4096
-3.529297 0.020996 1.909185 4096
-3.640625 0.162109 1.909185 4096
-3.548828 0.032715 1.909185 4096
-3.566406 0.192383 1.921085 4096
-3.617188 0.062500 1.921085 4096
-3.570312 0.068359 1.921085 4096
-3.572266 0.198242 1.921085 4096
-3.554688 0.217285 1.921085 4096
-3.552734 0.208008 1.921085 4096
-3.542969 0.261719 1.921085 4096
-3.642578 0.128906 1.921085 4096
-3.578125 0.008301 1.932785 4096
-3.570312 0.021484 1.932785 4096
-3.583984 0.174805 1.932785 4096
-3.634766 0.311523 1.932785 4096
-3.529297 0.206055 1.932785 4096
-3.541016 0.146484 1.932785 4096
-3.574219 0.145020 1.932785 4096
-3.718750 0.331055 1.932785 4096
-3.449219 0.193848 1.944285 4096
-3.572266 0.068848 1.944285 4096
-3.544922 0.042480 1.944285 4096
-3.621094 0.215332 1.944285 4096
-3.566406 0.128906 1.944285 4096
-3.619141 0.004395 1.944285 4096
-3.591797 0.180176 1.944285 4096
-3.492188 0.071289 1.944285 4096
-3.646484 0.312988 1.955585 4096
-3.544922 0.142578 1.955585 4096
-3.556641 0.177246 1.955585 4096
-3.578125 0.079102 1.955585 4096
-3.560547 0.044434 1.955585 4096
-3.582031 0.291504 1.955585 4096
-3.519531 0.042480 1.955585 4096
-3.517578 0.079102 1.955585 4096
-3.552734 0.102539 1.966685 4096
-3.601562 0.212891 1.966685 4096
-3.732422 0.707520 1.966685 4096
-3.580078 0.273926 1.966685 4096
-3.531250 0.100098 1.966685 4096
-3.517578 0.255859 1.966685 4096
-3.484375 0.022949 1.966685 4096
-3.636719 0.244141 1.966685 4096
-3.458984 0.068359 1.977585 4096
-3.671875 0.224121 1.977585 4096
-3.550781 0.031738 1.977585 4096
-3.630859 0.126953 1.977585 4096
-3.435547 0.095703 1.977585 4096
-3.476562 0.110840 1.977585 4096
-3.519531 0.190918 1.977585 4096
-3.611328 0.163086 1.977585 4096
-3.558594 0.208496 1.988285 4096
-3.585938 0.125000 1.988285 4096
-3.681641 0.149414 1.988285 4096
-3.583984 0.194336 1.988285 4096
-3.537109 0.089355 1.988285 4096
-3.466797 0.146973 1.988285 4096
-3.509766 0.019043 1.988285 4096
-3.634766 0.156250 1.988285 4096
-3.591797 0.261719 1.998785 4096
-3.501953 0.066895 1.998785 4096
-3.638672 0.011719 1.998785 4096
-3.669922 0.364746 1.998785 4096
-3.466797 0.127930 1.998785 4096
-3.552734 0.254395 1.998785 4096
-3.609375 0.207520 1.998785 4096
-3.679688 0.335449 1.998785 4096
-3.441406 0.033691 2.009085 4096
-3.554688 0.225098 2.009085 4096
-3.486328 0.140625 2.009085 4096
-3.599609 0.300293 2.009085 4096
-3.611328 0.053711 2.009085 4096
-3.537109 0.082031 2.009085 4096
-3.523438 0.126953 2.009085 4096
-3.683594 0.153320 2.009085 4096
-3.576172 0.030762 2.019185 4096
-3.560547 0.128418 2.019185 4096
-3.556641 0.234863 2.019185 4096
-3.554688 0.134277 2.019185 4096
-3.583984 0.186523 2.019185 4096
-3.601562 0.104492 2.019185 4096
-3.517578 0.088379 2.019185 4096
-3.546875 0.308105 2.019185 4096
-3.566406 0.277344 2.029085 4096
-3.490234 0.084473 2.029085 4096
-3.564453 0.073242 2.029085 4096
-3.572266 0.064941 2.029085 4096
-3.601562 0.386719 2.029085 4096
-3.554688 0.049805 2.029085 4096
-3.658203 0.156250 2.029085 4096
-3.634766 0.222656 2.029085 4096
-3.445312 0.172852 2.038785 4096
-3.480469 0.038086 2.038785 4096
-3.509766 0.290527 2.038785 4096
-3.572266 0.244629 2.038785 4096
-3.603516 0.348145 2.038785 4096
-3.525391 0.078613 2.038785 4096
-3.589844 0.303711 2.038785 4096
-3.669922 0.188965 2.038785 4096
-3.580078 0.269531 2.048285 4096
-3.625000 0.384766 2.048285 4096
-3.576172 0.196289 2.048285 4096
-3.632812 0.459961 2.048285 4096
-3.525391 0.029297 2.048285 4096
-3.507812 0.011719 2.048285 4096
-3.539062 0.135254 2.048285 4096
-3.589844 0.140137 2.048285 4096
-3.521484 0.163086 2.057585 4096
-3.541016 0.118164 2.057585 4096
-3.470703 0.121582 2.057585 4096
-3.542969 0.237793 2.057585 4096
-3.591797 0.190430 2.057585 4096
-3.556641 0.176270 2.057585 4096
-3.560547 0.268066 2.057585 4096
-3.531250 0.046387 2.057585 4096
-3.451172 0.259277 2.066685 4096
-3.500000 0.009766 2.066685 4096
-3.666016 0.069336 2.066685 4096
-3.595703 0.061035 2.066685 4096
-3.501953 0.060547 2.066685 4096
-3.546875 0.230469 2.066685 4096
-3.535156 0.011230 2.066685 4096
-3.625000 0.370117 2.066685 4096
-3.515625 0.193848 2.075585 4096
-3.521484 0.083496 2.075585 4096
-3.601562 0.197754 2.075585 4096
-3.574219 0.206543 2.075585 4096
-3.582031 0.058594 2.075585 4096
-3.593750 0.097656 2.075585 4096
-3.593750 0.149414 2.075585 4096
-3.517578 0.129395 2.075585 4096
-3.564453 0.129395 2.084285 4096
-3.548828 0.093750 2.084285 4096
-3.611328 0.238281 2.084285 4096
-3.619141 0.020508 2.084285 4096
-3.509766 0.108887 2.084285 4096
-3.537109 0.148438 2.084285 4096
-3.634766 0.049316 2.084285 4096
-3.601562 0.178711 2.084285 4096
-3.488281 0.006348 2.092785 4096
-3.593750 0.053223 2.092785 4096
-3.458984 0.225098 2.092785 4096
-3.650391 0.346680 2.092785 4096
-3.529297 0.233398 2.092785 4096
-3.591797 0.223633 2.092785 4096
-3.603516 0.184570 2.092785 4096
-3.503906 0.053223 2.092785 4096
-3.511719 0.021973 2.101085 4096
-3.507812 0.068848 2.101085 4096
-3.521484 0.104004 2.101085 4096
-3.562500 0.215332 2.101085 4096
-3.501953 0.279785 2.101085 4096
-3.478516 0.139160 2.101085 4096
-3.572266 0.127930 2.101085 4096
-3.560547 0.291016 2.101085 4096
-3.492188 0.163574 2.109185 4096
-3.445312 0.068359 2.109185 4096
-3.619141 0.223145 2.109185 4096
-3.605469 0.141113 2.109185 4096
-3.496094 0.212891 2.109185 4096
-3.621094 0.208008 2.109185 4096
-3.582031 0.004395 2.109185 4096
-3.589844 0.034668 2.109185 4096
-3.527344 0.194336 2.117085 4096
-3.500000 0.210938 2.117085 4096
-3.646484 0.020996 2.117085 4096
-3.615234 0.212402 2.117085 4096
-3.558594 0.183105 2.117085 4096
-3.517578 0.248047 2.117085 4096
-3.593750 0.277344 2.117085 4096
-3.570312 0.129395 2.117085 4096
-3.486328 0.007324 2.124785 4096
-3.533203 0.181641 2.124785 4096
-3.554688 0.344238 2.124785 4096
-3.636719 0.436035 2.124785 4096
-3.464844 0.091309 2.124785 4096
-3.552734 0.236816 2.124785 4096
-3.455078 0.184570 2.124785 4096
-3.724609 0.641113 2.124785 4096
-3.447266 0.006836 2.132285 4096
-3.490234 0.297852 2.132285 4096
-3.496094 0.097656 2.132285 4096
-3.519531 0.019531 2.132285 4096
-3.554688 0.286621 2.132285 4096
-3.523438 0.119141 2.132285 4096
-3.554688 0.035645 2.132285 4096
-3.511719 0.111328 2.132285 4096
-3.533203 0.087402 2.139585 4096
-3.597656 0.431641 2.139585 4096
-3.472656 0.021973 2.139585 4096
-3.554688 0.255371 2.139585 4096
-3.500000 0.196289 2.139585 4096
-3.503906 0.237793 2.139585 4096
-3.628906 0.077148 2.139585 4096
-3.632812 0.327637 2.139585 4096
-3.521484 0.019531 2.146685 4096
-3.607422 0.259766 2.146685 4096
-3.597656 0.061035 2.146685 4096
-3.628906 0.174805 2.146685 4096
-3.480469 0.054688 2.146685 4096
-3.515625 0.058594 2.146685 4096
-3.501953 0.173340 2.146685 4096
-3.609375 0.000977 2.146685 4096
-3.429688 0.139160 2.153585 4096
-3.537109 0.253418 2.153585 4096
-3.615234 0.525391 2.153585 4096
-3.638672 0.091309 2.153585 4096
-3.478516 0.061523 2.153585 4096
-3.550781 0.086426 2.153585 4096
-3.474609 0.194824 2.153585 4096
-3.669922 0.320312 2.153585 4096
-3.492188 0.050293 2.160285 4096
-3.484375 0.159668 2.160285 4096
-3.666016 0.088379 2.160285 4096
-3.759766 0.497559 2.160285 4096
-3.451172 0.000488 2.160285 4096
-3.507812 0.096191 2.160285 4096
-3.589844 0.378906 2.160285 4096
-3.681641 0.522949 2.160285 4096
-3.476562 0.111328 2.166785 4096
-3.507812 0.102051 2.166785 4096
-3.640625 0.320312 2.166785 4096
-3.603516 0.261230 2.166785 4096
-3.566406 0.070312 2.166785 4096
-3.486328 0.274902 2.166785 4096
-3.517578 0.026367 2.166785 4096
-3.541016 0.404297 2.166785 4096
-3.437500 0.087891 2.173085 4096
-3.603516 0.441895 2.173085 4096
-3.677734 0.441895 2.173085 4096
-3.535156 0.004395 2.173085 4096
-3.400391 0.073242 2.173085 4096
-3.472656 0.049316 2.173085 4096
-3.552734 0.237305 2.173085 4096
-3.576172 0.137695 2.173085 4096
-3.447266 0.032715 2.179185 4096
-3.529297 0.035645 2.179185 4096
-3.636719 0.013184 2.179185 4096
-3.519531 0.156738 2.179185 4096
-3.513672 0.327637 2.179185 4096
-3.621094 0.271484 2.179185 4096
-3.525391 0.149414 2.179185 4096
-3.550781 0.021484 2.179185 4096
-3.533203 0.252930 2.185085 4096
-3.531250 0.250977 2.185085 4096
-3.603516 0.018066 2.185085 4096
-3.568359 0.030273 2.185085 4096
-3.513672 0.030273 2.185085 4096
-3.597656 0.201660 2.185085 4096
-3.591797 0.088379 2.185085 4096
-3.683594 0.698730 2.185085 4096
-3.470703 0.162109 2.190785 4096
-3.574219 0.240234 2.190785 4096
-3.568359 0.235840 2.190785 4096
-3.486328 0.056641 2.190785 4096
-3.482422 0.166504 2.190785 4096
-3.548828 0.245117 2.190785 4096
-3.607422 0.580566 2.190785 4096
-3.519531 0.363281 2.190785 4096
-3.460938 0.090332 2.196285 4096
-3.505859 0.119629 2.196285 4096
-3.583984 0.251953 2.196285 4096
-3.632812 0.250488 2.196285 4096
-3.488281 0.008301 2.196285 4096
-3.578125 0.326660 2.196285 4096
-3.480469 0.096680 2.196285 4096
-3.652344 0.210449 2.196285 4096
-3.466797 0.026855 2.201585 4096
-3.548828 0.310059 2.201585 4096
-3.531250 0.162598 2.201585 4096
-3.560547 0.000000 2.201585 4096
-3.527344 0.118164 2.201585 4096
-3.664062 0.360840 2.201585 4096
-3.507812 0.100586 2.201585 4096
-3.558594 0.054688 2.201585 4096
-3.550781 0.230469 2.206685 4096
-3.513672 0.132324 2.206685 4096
-3.513672 0.024902 2.206685 4096
-3.593750 0.329102 2.206685 4096
-3.363281 0.000000 2.206685 4096
-3.625000 0.211426 2.206685 4096
-3.583984 0.181641 2.206685 4096
-3.585938 0.252930 2.206685 4096
-3.388672 0.086426 2.211585 4096
-3.517578 0.060059 2.211585 4096
-3.603516 0.376953 2.211585 4096
-3.679688 0.591309 2.211585 4096
-3.533203 0.092773 2.211585 4096
-3.408203 0.169434 2.211585 4096
-3.486328 0.030273 2.211585 4096
-3.529297 0.026367 2.211585 4096
-3.488281 0.349609 2.216285 4096
-3.517578 0.000488 2.216285 4096
-3.580078 0.238770 2.216285 4096
-3.546875 0.059570 2.216285 4096
-3.527344 0.065430 2.216285 4096
-3.619141 0.504395 2.216285 4096
-3.546875 0.086914 2.216285 4096
-3.628906 0.287109 2.216285 4096
-3.570312 0.090820 2.220785 4096
-3.531250 0.018555 2.220785 4096
-3.517578 0.184082 2.220785 4096
-3.552734 0.431152 2.220785 4096
-3.507812 0.181152 2.220785 4096
-3.488281 0.054688 2.220785 4096
-3.546875 0.103516 2.220785 4096
-3.578125 0.208008 2.220785 4096
-3.517578 0.066895 2.225085 4096
-3.517578 0.220215 2.225085 4096
-3.619141 0.186523 2.225085 4096
-3.550781 0.083496 2.225085 4096
-3.404297 0.091309 2.225085 4096
-3.464844 0.135742 2.225085 4096
-3.539062 0.031250 2.225085 4096
-3.630859 0.064453 2.225085 4096
-3.613281 0.354980 2.229185 4096
-3.599609 0.136719 2.229185 4096
-3.626953 0.048340 2.229185 4096
-3.599609 0.321777 2.229185 4096
-3.427734 0.068359 2.229185 4096
-3.591797 0.093750 2.229185 4096
-3.521484 0.000488 2.229185 4096
-3.630859 0.233398 2.229185 4096
-3.609375 0.175293 2.233085 4096
-3.617188 0.264160 2.233085 4096
-3.541016 0.054688 2.233085 4096
-3.601562 0.509277 2.233085 4096
-3.537109 0.104004 2.233085 4096
-3.482422 0.023438 2.233085 4096
-3.630859 0.130371 2.233085 4096
-3.632812 0.008301 2.233085 4096
-3.529297 0.022461 2.236785 4096
-3.558594 0.343750 2.236785 4096
-3.525391 0.271484 2.236785 4096
-3.535156 0.207520 2.236785 4096
-3.582031 0.311523 2.236785 4096
-3.517578 0.420898 2.236785 4096
-3.593750 0.027832 2.236785 4096
-3.556641 0.177734 2.236785 4096
-3.580078 0.182129 2.240285 4096
-3.498047 0.183105 2.240285 4096
-3.554688 0.144043 2.240285 4096
-3.521484 0.001465 2.240285 4096
-3.515625 0.159668 2.240285 4096
-3.527344 0.066895 2.240285 4096
-3.593750 0.048828 2.240285 4096
-3.515625 0.090332 2.240285 4096
-3.527344 0.026855 2.243585 4096
-3.470703 0.015625 2.243585 4096
-3.478516 0.289551 2.243585 4096
-3.541016 0.076172 2.243585 4096
-3.453125 0.065918 2.243585 4096
-3.626953 0.047363 2.243585 4096
-3.603516 0.329590 2.243585 4096
-3.580078 0.517090 2.243585 4096
-3.417969 0.057617 2.246685 4096
-3.492188 0.115234 2.246685 4096
-3.511719 0.195312 2.246685 4096
-3.582031 0.103027 2.246685 4096
-3.583984 0.034180 2.246685 4096
-3.462891 0.109375 2.246685 4096
-3.578125 0.145996 2.246685 4096
-3.566406 0.191406 2.246685 4096
-3.478516 0.108887 2.249585 4096
-3.564453 0.124023 2.249585 4096
-3.564453 0.162598 2.249585 4096
-3.587891 0.227051 2.249585 4096
-3.501953 0.178711 2.249585 4096
-3.574219 0.279297 2.249585 4096
-3.511719 0.184082 2.249585 4096
-3.568359 0.255371 2.249585 4096
-3.433594 0.186035 2.252285 4096
-3.568359 0.103027 2.252285 4096
-3.478516 0.055176 2.252285 4096
-3.498047 0.130859 2.252285 4096
-3.455078 0.020508 2.252285 4096
-3.468750 0.102051 2.252285 4096
-3.546875 0.133789 2.252285 4096
-3.539062 0.136230 2.252285 4096
-3.476562 0.135254 2.254785 4096
-3.478516 0.245117 2.254785 4096
-3.558594 0.162109 2.254785 4096
-3.697266 0.112305 2.254785 4096
-3.455078 0.033203 2.254785 4096
-3.564453 0.084961 2.254785 4096
-3.599609 0.340332 2.254785 4096
-3.640625 0.076660 2.254785 4096
-3.470703 0.085938 2.257085 4096
-3.464844 0.121582 2.257085 4096
-3.537109 0.088379 2.257085 4096
-3.517578 0.176758 2.257085 4096
-3.445312 0.144043 2.257085 4096
-3.412109 0.133789 2.257085 4096
-3.517578 0.197266 2.257085 4096
-3.537109 0.148926 2.257085 4096
-3.482422 0.242676 2.259185 4096
-3.599609 0.090820 2.259185 4096
-3.566406 0.104492 2.259185 4096
-3.605469 0.396484 2.259185 4096
-3.531250 0.129883 2.259185 4096
-3.503906 0.000000 2.259185 4096
-3.550781 0.137207 2.259185 4096
-3.541016 0.080078 2.259185 4096
-3.480469 0.206543 2.261085 4096
-3.451172 0.127441 2.261085 4096
-3.642578 0.088379 2.261085 4096
-3.503906 0.276855 2.261085 4096
-3.457031 0.055176 2.261085 4096
-3.537109 0.271484 2.261085 4096
-3.580078 0.374512 2.261085 4096
-3.607422 0.055176 2.261085 4096
-3.525391 0.088867 2.262785 4096
-3.613281 0.089355 2.262785 4096
-3.503906 0.145508 2.262785 4096
-3.605469 0.162598 2.262785 4096
-3.439453 0.073242 2.262785 4096
-3.611328 0.420898 2.262785 4096
-3.525391 0.336426 2.262785 4096
-3.552734 0.291016 2.262785 4096
-3.421875 0.060059 2.264285 4096
-3.550781 0.061035 2.264285 4096
-3.541016 0.084961 2.264285 4096
-3.699219 0.658203 2.264285 4096
-3.449219 0.166504 2.264285 4096
-3.550781 0.179688 2.264285 4096
-3.423828 0.048340 2.264285 4096
-3.580078 0.203613 2.264285 4096
-3.458984 0.087891 2.265585 4096
-3.623047 0.312500 2.265585 4096
-3.388672 0.056641 2.265585 4096
-3.552734 0.048340 2.265585 4096
-3.542969 0.235352 2.265585 4096
-3.500000 0.158691 2.265585 4096
-3.441406 0.115723 2.265585 4096
-3.572266 0.041992 2.265585 4096
-3.574219 0.170410 2.266685 4096
-3.568359 0.180176 2.266685 4096
-3.560547 0.104004 2.266685 4096
-3.605469 0.127441 2.266685 4096
-3.658203 0.018555 2.266685 4096
-3.568359 0.189453 2.266685 4096
-3.503906 0.138184 2.266685 4096
-3.617188 0.137207 2.266685 4096
-3.417969 0.276367 2.267585 4096
-3.609375 0.500000 2.267585 4096
-3.607422 0.201172 2.267585 4096
-3.619141 0.098145 2.267585 4096
-3.544922 0.376953 2.267585 4096
-3.484375 0.294434 2.267585 4096
-3.558594 0.255371 2.267585 4096
-3.562500 0.269531 2.267585 4096
-3.529297 0.304688 2.268285 4096
-3.474609 0.355469 2.268285 4096
-3.472656 0.013672 2.268285 4096
-3.546875 0.106934 2.268285 4096
-3.537109 0.211426 2.268285 4096
-3.500000 0.025879 2.268285 4096
-3.589844 0.131836 2.268285 4096
-3.556641 0.081055 2.268285 4096
-3.537109 0.075195 2.268785 4096
-3.597656 0.422363 2.268785 4096
-3.562500 0.032227 2.268785 4096
-3.529297 0.180664 2.268785 4096
-3.537109 0.060547 2.268785 4096
-3.546875 0.082031 2.268785 4096
-3.589844 0.319824 2.268785 4096
-3.673828 0.202637 2.268785 4096
-3.556641 0.182129 2.269085 4096
-3.541016 0.093750 2.269085 4096
-3.623047 0.174316 2.269085 4096
-3.568359 0.146484 2.269085 4096
-3.589844 0.185059 2.269085 4096
-3.480469 0.023926 2.269085 4096
-3.517578 0.080566 2.269085 4096
-3.593750 0.107422 2.269085 4096
-3.419922 0.158691 2.269185 4096
-3.496094 0.041016 2.269185 4096
-3.623047 0.019043 2.269185 4096
-3.527344 0.059570 2.269185 4096
-3.441406 0.086914 2.269185 4096
-3.550781 0.361328 2.269185 4096
-3.486328 0.165039 2.269185 4096
-3.535156 0.057129 2.269185 4096
-3.484375 0.104980 2.269285 4096
-3.576172 0.227539 2.269285 4096
-3.527344 0.145996 2.269285 4096
-3.599609 0.096680 2.269285 4096
-3.558594 0.069824 2.269285 4096
-3.560547 0.083984 2.269285 4096
-3.613281 0.089355 2.269285 4096
-3.570312 0.191895 2.269285 4096
-3.408203 0.196289 2.269585 4096
-3.525391 0.217285 2.269585 4096
-3.498047 0.122559 2.269585 4096
-3.669922 0.194336 2.269585 4096
-3.574219 0.271484 2.269585 4096
-3.566406 0.077148 2.269585 4096
-3.523438 0.229980 2.269585 4096
-3.500000 0.170410 2.269585 4096
-3.337891 0.092773 2.270085 4096
-3.564453 0.179199 2.270085 4096
-3.468750 0.015625 2.270085 4096
-3.636719 0.087891 2.270085 4096
-3.525391 0.161621 2.270085 4096
-3.546875 0.110840 2.270085 4096
-3.466797 0.170898 2.270085 4096
-3.464844 0.096191 2.270085 4096
-3.437500 0.199707 2.270785 4096
-3.535156 0.373047 2.270785 4096
-3.611328 0.395996 2.270785 4096
-3.595703 0.188965 2.270785 4096
-3.494141 0.380371 2.270785 4096
-3.539062 0.158203 2.270785 4096
-3.568359 0.082031 2.270785 4096
-3.460938 0.133789 2.270785 4096
-3.498047 0.025391 2.271685 4096
-3.550781 0.277832 2.271685 4096
-3.523438 0.134766 2.271685 4096
-3.490234 0.015137 2.271685 4096
-3.474609 0.279785 2.271685 4096
-3.437500 0.020508 2.271685 4096
-3.542969 0.317871 2.271685 4096
-3.453125 0.133301 2.271685 4096
-3.501953 0.059570 2.272785 4096
-3.541016 0.168457 2.272785 4096
-3.583984 0.217285 2.272785 4096
-3.605469 0.163574 2.272785 4096
-3.457031 0.058105 2.272785 4096
-3.496094 0.267090 2.272785 4096
-3.699219 0.488770 2.272785 4096
-3.611328 0.274414 2.272785 4096
-3.593750 0.160645 2.274085 4096
-3.478516 0.050293 2.274085 4096
-3.566406 0.344238 2.274085 4096
-3.708984 0.484863 2.274085 4096
-3.484375 0.189453 2.274085 4096
-3.595703 0.069824 2.274085 4096
-3.474609 0.241211 2.274085 4096
-3.517578 0.125000 2.274085 4096
-3.500000 0.156738 2.275585 4096
-3.501953 0.016113 2.275585 4096
-3.632812 0.406250 2.275585 4096
-3.607422 0.189941 2.275585 4096
-3.398438 0.100586 2.275585 4096
-3.527344 0.061523 2.275585 4096
-3.457031 0.240723 2.275585 4096
-3.583984 0.091309 2.275585 4096
-3.503906 0.073242 2.277285 4096
-3.474609 0.114746 2.277285 4096
-3.611328 0.452637 2.277285 4096
-3.812500 0.784180 2.277285 4096
-3.511719 0.008789 2.277285 4096
-3.548828 0.082031 2.277285 4096
-3.523438 0.017578 2.277285 4096
-3.503906 0.007324 2.277285 4096
-3.500000 0.094727 2.279185 4096
-3.488281 0.277832 2.279185 4096
-3.562500 0.049316 2.279185 4096
-3.541016 0.161133 2.279185 4096
-3.464844 0.302246 2.279185 4096
-3.550781 0.198242 2.279185 4096
-3.416016 0.087402 2.279185 4096
-3.566406 0.021973 2.279185 4096
-3.509766 0.029297 2.281285 4096
-3.466797 0.024902 2.281285 4096
-3.421875 0.076660 2.281285 4096
-3.617188 0.400391 2.281285 4096
-3.589844 0.301270 2.281285 4096
-3.531250 0.189453 2.281285 4096
-3.658203 0.224609 2.281285 4096
-3.576172 0.248535 2.281285 4096
-3.570312 0.259766 2.283585 4096
-3.513672 0.116211 2.283585 4096
-3.642578 0.137695 2.283585 4096
-3.683594 0.202148 2.283585 4096
-3.521484 0.260254 2.283585 4096
-3.519531 0.137207 2.283585 4096
-3.611328 0.290039 2.283585 4096
-3.476562 0.025391 2.283585 4096
-3.416016 0.161133 2.286085 4096
-3.421875 0.060059 2.286085 4096
-3.564453 0.354980 2.286085 4096
-3.625000 0.003906 2.286085 4096
-3.519531 0.025391 2.286085 4096
-3.583984 0.038574 2.286085 4096
-3.511719 0.091309 2.286085 4096
-3.589844 0.082031 2.286085 4096
-3.574219 0.085938 2.288785 4096
-3.500000 0.187500 2.288785 4096
-3.476562 0.082520 2.288785 4096
-3.503906 0.073730 2.288785 4096
-3.507812 0.027344 2.288785 4096
-3.582031 0.050781 2.288785 4096
-3.556641 0.098633 2.288785 4096
-3.644531 0.454590 2.288785 4096
-3.498047 0.074707 2.291685 4096
-3.494141 0.017090 2.291685 4096
-3.511719 0.026855 2.291685 4096
-3.505859 0.133789 2.291685 4096
-3.509766 0.161133 2.291685 4096
-3.582031 0.180176 2.291685 4096
-3.464844 0.192871 2.291685 4096
-3.595703 0.187012 2.291685 4096
-3.474609 0.033203 2.294785 4096
-3.544922 0.221191 2.294785 4096
-3.521484 0.087891 2.294785 4096
-3.570312 0.267578 2.294785 4096
-3.531250 0.019043 2.294785 4096
-3.564453 0.317383 2.294785 4096
-3.570312 0.033203 2.294785 4096
-3.566406 0.156250 2.294785 4096
-3.535156 0.107422 2.298085 4096
-3.542969 0.099609 2.298085 4096
-3.544922 0.241699 2.298085 4096
-3.574219 0.082031 2.298085 4096
-3.490234 0.123535 2.298085 4096
-3.507812 0.351562 2.298085 4096
-3.458984 0.059570 2.298085 4096
-3.550781 0.016602 2.298085 4096
-3.439453 0.032227 2.301585 4096
-3.492188 0.008301 2.301585 4096
-3.429688 0.012695 2.301585 4096
-3.533203 0.011230 2.301585 4096
-3.552734 0.032715 2.301585 4096
-3.498047 0.138672 2.301585 4096
-3.621094 0.551270 2.301585 4096
-3.673828 0.597656 2.301585 4096
-3.474609 0.014160 2.305285 4096
-3.546875 0.176270 2.305285 4096
-3.539062 0.023438 2.305285 4096
-3.574219 0.121582 2.305285 4096
-3.390625 0.009277 2.305285 4096
-3.433594 0.107422 2.305285 4096
-3.460938 0.117676 2.305285 4096
-3.658203 0.542969 2.305285 4096
-3.519531 0.206543 2.309185 4096
-3.529297 0.093262 2.309185 4096
-3.566406 0.185547 2.309185 4096
-3.476562 0.013672 2.309185 4096
-3.603516 0.040039 2.309185 4096
-3.591797 0.039062 2.309185 4096
-3.578125 0.202637 2.309185 4096
-3.585938 0.277344 2.309185 4096
-3.488281 0.270508 2.313285 4096
-3.552734 0.304688 2.313285 4096
-3.589844 0.062012 2.313285 4096
-3.533203 0.114746 2.313285 4096
-3.417969 0.007324 2.313285 4096
-3.595703 0.226074 2.313285 4096
-3.437500 0.090332 2.313285 4096
-3.589844 0.232422 2.313285 4096
-3.365234 0.063965 2.317585 4096
-3.591797 0.035156 2.317585 4096
-3.558594 0.230469 2.317585 4096
-3.541016 0.153809 2.317585 4096
-3.574219 0.071289 2.317585 4096
-3.554688 0.001953 2.317585 4096
-3.511719 0.256348 2.317585 4096
-3.425781 0.191895 2.317585 4096
-3.535156 0.290527 2.322085 4096
-3.550781 0.079590 2.322085 4096
-3.519531 0.218262 2.322085 4096
-3.583984 0.244141 2.322085 4096
-3.480469 0.132812 2.322085 4096
-3.519531 0.429199 2.322085 4096
-3.439453 0.034180 2.322085 4096
-3.589844 0.169922 2.322085 4096
-3.492188 0.098145 2.326785 4096
-3.562500 0.126953 2.326785 4096
-3.517578 0.196777 2.326785 4096
-3.505859 0.018066 2.326785 4096
-3.496094 0.109375 2.326785 4096
-3.578125 0.274414 2.326785 4096
-3.542969 0.045410 2.326785 4096
-3.572266 0.067871 2.326785 4096
-3.500000 0.187500 2.331685 4096
-3.517578 0.352539 2.331685 4096
-3.611328 0.199219 2.331685 4096
-3.689453 0.577637 2.331685 4096
-3.580078 0.029785 2.331685 4096
-3.484375 0.074707 2.331685 4096
-3.509766 0.264648 2.331685 4096
-3.595703 0.156250 2.331685 4096
-3.546875 0.092773 2.336785 4096
-3.402344 0.112793 2.336785 4096
-3.541016 0.327637 2.336785 4096
-3.599609 0.075684 2.336785 4096
-3.505859 0.079102 2.336785 4096
-3.621094 0.273926 2.336785 4096
-3.589844 0.187500 2.336785 4096
-3.425781 0.168945 2.336785 4096
-3.519531 0.344727 2.342085 4096
-3.466797 0.036621 2.342085 4096
-3.638672 0.636230 2.342085 4096
-3.707031 0.589355 2.342085 4096
-3.457031 0.047852 2.342085 4096
-3.560547 0.475098 2.342085 4096
-3.607422 0.050293 2.342085 4096
-3.591797 0.104492 2.342085 4096
-3.476562 0.245605 2.347585 4096
-3.429688 0.210938 2.347585 4096
-3.544922 0.216797 2.347585 4096
-3.539062 0.026855 2.347585 4096
-3.447266 0.117188 2.347585 4096
-3.478516 0.128418 2.347585 4096
-3.593750 0.241699 2.347585 4096
-3.550781 0.064453 2.347585 4096
-3.501953 0.350098 2.353285 4096
-3.525391 0.215332 2.353285 4096
-3.541016 0.166992 2.353285 4096
-3.511719 0.116211 2.353285 4096
-3.466797 0.104492 2.353285 4096
-3.498047 0.007324 2.353285 4096
-3.535156 0.051758 2.353285 4096
-3.615234 0.147949 2.353285 4096
-3.441406 0.149414 2.359185 4096
-3.335938 0.164062 2.359185 4096
-3.500000 0.174316 2.359185 4096
-3.507812 0.287598 2.359185 4096
-3.562500 0.337402 2.359185 4096
-3.490234 0.154297 2.359185 4096
-3.533203 0.011719 2.359185 4096
-3.572266 0.050781 2.359185 4096
-3.576172 0.138672 2.365285 4096
-3.509766 0.371094 2.365285 4096
-3.617188 0.230957 2.365285 4096
-3.580078 0.117676 2.365285 4096
-3.416016 0.038086 2.365285 4096
-3.435547 0.015625 2.365285 4096
-3.486328 0.069824 2.365285 4096
-3.570312 0.206543 2.365285 4096
-3.523438 0.096191 2.371585 4096
-3.607422 0.186035 2.371585 4096
-3.501953 0.059570 2.371585 4096
-3.630859 0.224121 2.371585 4096
-3.500000 0.214355 2.371585 4096
-3.550781 0.006836 2.371585 4096
-3.455078 0.002930 2.371585 4096
-3.607422 0.001465 2.371585 4096
-3.437500 0.129395 2.378085 4096
-3.511719 0.062988 2.378085 4096
-3.443359 0.111328 2.378085 4096
-3.507812 0.109863 2.378085 4096
-3.523438 0.012207 2.378085 4096
-3.500000 0.116211 2.378085 4096
-3.578125 0.138672 2.378085 4096
-3.556641 0.150879 2.378085 4096
-3.464844 0.164551 2.384785 4096
-3.451172 0.053223 2.384785 4096
-3.574219 0.172852 2.384785 4096
-3.501953 0.029297 2.384785 4096
-3.572266 0.046875 2.384785 4096
-3.433594 0.120605 2.384785 4096
-3.546875 0.077148 2.384785 4096
-3.472656 0.136230 2.384785 4096
-3.515625 0.240234 2.391685 4096
-3.544922 0.321289 2.391685 4096
-3.568359 0.053223 2.391685 4096
-3.617188 0.438477 2.391685 4096
-3.486328 0.081543 2.391685 4096
-3.437500 0.048340 2.391685 4096
-3.523438 0.063477 2.391685 4096
-3.453125 0.115234 2.391685 4096
-3.464844 0.300293 2.398785 4096
-3.435547 0.033691 2.398785 4096
-3.531250 0.009277 2.398785 4096
-3.515625 0.166016 2.398785 4096
-3.464844 0.103027 2.398785 4096
-3.503906 0.225098 2.398785 4096
-3.568359 0.329590 2.398785 4096
-3.546875 0.104492 2.398785 4096
-3.441406 0.147461 2.406085 4096
-3.595703 0.068359 2.406085 4096
-3.488281 0.060547 2.406085 4096
-3.662109 0.386230 2.406085 4096
-3.376953 0.044922 2.406085 4096
-3.490234 0.219727 2.406085 4096
-3.388672 0.104004 2.406085 4096
-3.519531 0.017090 2.406085 4096
-3.634766 0.450684 2.413585 4096
-3.554688 0.170410 2.413585 4096
-3.535156 0.416992 2.413585 4096
-3.595703 0.162109 2.413585 4096
-3.476562 0.095703 2.413585 4096
-3.455078 0.176270 2.413585 4096
-3.503906 0.200195 2.413585 4096
-3.576172 0.010254 2.413585 4096
-3.550781 0.136719 2.421285 4096
-3.615234 0.561035 2.421285 4096
-3.646484 0.003906 2.421285 4096
-3.585938 0.190430 2.421285 4096
-3.451172 0.040039 2.421285 4096
-3.474609 0.042969 2.421285 4096
-3.529297 0.104492 2.421285 4096
-3.423828 0.117188 2.421285 4096
-3.417969 0.124512 2.429185 4096
-3.425781 0.049805 2.429185 4096
-3.578125 0.237305 2.429185 4096
-3.556641 0.403320 2.429185 4096
-3.437500 0.274414 2.429185 4096
-3.507812 0.068848 2.429185 4096
-3.509766 0.034180 2.429185 4096
-3.392578 0.194336 2.429185 4096
-3.419922 0.242188 2.437285 4096
-3.431641 0.118164 2.437285 4096
-3.626953 0.386230 2.437285 4096
-3.587891 0.331543 2.437285 4096
-3.603516 0.596191 2.437285 4096
-3.505859 0.251953 2.437285 4096
-3.537109 0.226074 2.437285 4096
-3.595703 0.442871 2.437285 4096
-3.357422 0.185059 2.445585 4096
-3.460938 0.311035 2.445585 4096
-3.503906 0.029785 2.445585 4096
-3.623047 0.111816 2.445585 4096
-3.343750 0.040039 2.445585 4096
-3.425781 0.007812 2.445585 4096
-3.470703 0.152832 2.445585 4096
-3.519531 0.192871 2.445585 4096
-3.472656 0.078125 2.454085 4096
-3.507812 0.081055 2.454085 4096
-3.589844 0.017578 2.454085 4096
-3.496094 0.231445 2.454085 4096
-3.466797 0.118652 2.454085 4096
-3.636719 0.300781 2.454085 4096
-3.568359 0.104980 2.454085 4096
-3.570312 0.337891 2.454085 4096
-3.390625 0.044922 2.462785 4096
-3.431641 0.050293 2.462785 4096
-3.572266 0.088379 2.462785 4096
-3.669922 0.006836 2.462785 4096
-3.529297 0.142578 2.462785 4096
-3.505859 0.187500 2.462785 4096
-3.453125 0.106445 2.462785 4096
-3.466797 0.309570 2.462785 4096
-3.486328 0.246582 2.471685 4096
-3.587891 0.416992 2.471685 4096
-3.527344 0.268066 2.471685 4096
-3.505859 0.025879 2.471685 4096
-3.380859 0.055664 2.471685 4096
-3.554688 0.174316 2.471685 4096
-3.535156 0.073242 2.471685 4096
-3.482422 0.005859 2.471685 4096
-3.574219 0.141113 2.480785 4096
-3.570312 0.362305 2.480785 4096
-3.546875 0.011230 2.480785 4096
-3.666016 0.092773 2.480785 4096
-3.519531 0.022461 2.480785 4096
-3.593750 0.170898 2.480785 4096
-3.515625 0.290039 2.480785 4096
-3.531250 0.203613 2.480785 4096
-3.517578 0.054199 2.490085 4096
-3.539062 0.320801 2.490085 4096
-3.464844 0.028809 2.490085 4096
-3.572266 0.050781 2.490085 4096
-3.578125 0.000977 2.490085 4096
-3.541016 0.291992 2.490085 4096
-3.384766 0.003418 2.490085 4096
-3.566406 0.447754 2.490085 4096
-3.472656 0.154297 2.499585 4096
-3.457031 0.046875 2.499585 4096
-3.460938 0.026367 2.499585 4096
-3.507812 0.048828 2.499585 4096
-3.453125 0.151855 2.499585 4096
-3.542969 0.295410 2.499585 4096
-3.437500 0.000977 2.499585 4096
-3.501953 0.080078 2.499585 4096
-3.369141 0.030762 2.509285 4096
-3.500000 0.359375 2.509285 4096
-3.451172 0.235840 2.509285 4096
-3.470703 0.314941 2.509285 4096
-3.525391 0.260742 2.509285 4096
-3.568359 0.214844 2.509285 4096
-3.558594 0.218750 2.509285 4096
-3.673828 0.309082 2.509285 4096
-3.337891 0.143555 2.519185 4096
-3.478516 0.177246 2.519185 4096
-3.566406 0.241211 2.519185 4096
-3.582031 0.025391 2.519185 4096
-3.582031 0.142578 2.519185 4096
-3.539062 0.239258 2.519185 4096
-3.527344 0.105957 2.519185 4096
-3.541016 0.109375 2.519185 4096
-3.556641 0.526367 2.529285 4096
-3.505859 0.387207 2.529285 4096
-3.550781 0.078613 2.529285 4096
-3.455078 0.112793 2.529285 4096
-3.601562 0.254395 2.529285 4096
-3.431641 0.020020 2.529285 4096
-3.484375 0.006348 2.529285 4096
-3.533203 0.016602 2.529285 4096
-3.556641 0.409668 2.539585 4096
-3.400391 0.071777 2.539585 4096
-3.492188 0.084961 2.539585 4096
-3.533203 0.238281 2.539585 4096
-3.457031 0.109863 2.539585 4096
-3.501953 0.080078 2.539585 4096
-3.429688 0.004395 2.539585 4096
-3.568359 0.302246 2.539585 4096
-3.492188 0.032715 2.550085 4096
-3.443359 0.051270 2.550085 4096
-3.505859 0.034668 2.550085 4096
-3.464844 0.150879 2.550085 4096
-3.544922 0.114258 2.550085 4096
-3.505859 0.370117 2.550085 4096
-3.546875 0.051270 2.550085 4096
-3.605469 0.015137 2.550085 4096
-3.367188 0.124023 2.560785 4096
-3.378906 0.064453 2.560785 4096
-3.449219 0.370605 2.560785 4096
-3.589844 0.304199 2.560785 4096
-3.427734 0.056641 2.560785 4096
-3.533203 0.070312 2.560785 4096
-3.501953 0.009766 2.560785 4096
-3.623047 0.186523 2.560785 4096
-3.416016 0.012695 2.571685 4096
-3.437500 0.033691 2.571685 4096
-3.519531 0.072266 2.571685 4096
-3.443359 0.151367 2.571685 4096
-3.486328 0.146973 2.571685 4096
-3.548828 0.224121 2.571685 4096
-3.542969 0.144043 2.571685 4096
-3.486328 0.181152 2.571685 4096
-3.429688 0.369629 2.582785 4096
-3.533203 0.313965 2.582785 4096
-3.607422 0.215820 2.582785 4096
-3.597656 0.297852 2.582785 4096
-3.388672 0.285645 2.582785 4096
-3.578125 0.163086 2.582785 4096
-3.507812 0.205566 2.582785 4096
-3.593750 0.276855 2.582785 4096
-3.361328 0.042969 2.594085 4096
-3.507812 0.360352 2.594085 4096
-3.498047 0.079590 2.594085 4096
-3.501953 0.158203 2.594085 4096
-3.437500 0.041992 2.594085 4096
-3.376953 0.050293 2.594085 4096
-3.544922 0.332031 2.594085 4096
-3.550781 0.042480 2.594085 4096
-3.437500 0.298340 2.605585 4096
-3.533203 0.094727 2.605585 4096
-3.373047 0.233398 2.605585 4096
-3.513672 0.070801 2.605585 4096
-3.474609 0.083008 2.605585 4096
-3.525391 0.359375 2.605585 4096
-3.476562 0.020020 2.605585 4096
-3.494141 0.059570 2.605585 4096
-3.419922 0.001953 2.617285 4096
-3.416016 0.084473 2.617285 4096
-3.439453 0.026855 2.617285 4096
-3.578125 0.056641 2.617285 4096
-3.480469 0.126953 2.617285 4096
-3.488281 0.026855 2.617285 4096
-3.464844 0.137207 2.617285 4096
-3.546875 0.131348 2.617285 4096
-3.343750 0.051270 2.629185 4096
-3.462891 0.030762 2.629185 4096
-3.414062 0.096191 2.629185 4096
-3.544922 0.248535 2.629185 4096
-3.333984 0.092773 2.629185 4096
-3.386719 0.142090 2.629185 4096
-3.478516 0.379395 2.629185 4096
-3.486328 0.047852 2.629185 4096
-3.492188 0.274414 2.641285 4096
-3.441406 0.440918 2.641285 4096
-3.533203 0.166504 2.641285 4096
-3.439453 0.399414 2.641285 4096
-3.361328 0.098633 2.641285 4096
-3.589844 0.453613 2.641285 4096
-3.535156 0.270996 2.641285 4096
-3.527344 0.026367 2.641285 4096
-3.423828 0.002441 2.653585 4096
-3.425781 0.097168 2.653585 4096
-3.519531 0.129883 2.653585 4096
-3.500000 0.344238 2.653585 4096
-3.419922 0.077148 2.653585 4096
-3.462891 0.198730 2.653585 4096
-3.441406 0.342773 2.653585 4096
-3.484375 0.087891 2.653585 4096
-3.347656 0.079102 2.666085 4096
-3.396484 0.076660 2.666085 4096
-3.396484 0.107910 2.666085 4096
-3.541016 0.228516 2.666085 4096
-3.578125 0.546387 2.666085 4096
-3.375000 0.036133 2.666085 4096
-3.349609 0.142090 2.666085 4096
-3.562500 0.366211 2.666085 4096
-3.445312 0.205078 2.678785 4096
-3.410156 0.004395 2.678785 4096
-3.519531 0.044434 2.678785 4096
-3.587891 0.293945 2.678785 4096
-3.478516 0.247070 2.678785 4096
-3.519531 0.029297 2.678785 4096
-3.537109 0.104980 2.678785 4096
-3.417969 0.161621 2.678785 4096
-3.337891 0.021484 2.691685 4096
-3.402344 0.223633 2.691685 4096
-3.326172 0.035156 2.691685 4096
-3.429688 0.000000 2.691685 4096
-3.529297 0.066895 2.691685 4096
-3.515625 0.144043 2.691685 4096
-3.458984 0.156250 2.691685 4096
-3.494141 0.241699 2.691685 4096
-3.392578 0.049316 2.704785 4096
-3.509766 0.298340 2.704785 4096
-3.392578 0.087891 2.704785 4096
-3.412109 0.227539 2.704785 4096
-3.429688 0.181641 2.704785 4096
-3.560547 0.418945 2.704785 4096
-3.414062 0.014648 2.704785 4096
-3.517578 0.200195 2.704785 4096
-3.396484 0.233887 2.718085 4096
-3.417969 0.239746 2.718085 4096
-3.468750 0.165527 2.718085 4096
-3.507812 0.146484 2.718085 4096
-3.404297 0.109863 2.718085 4096
-3.292969 0.076172 2.718085 4096
-3.363281 0.045898 2.718085 4096
-3.453125 0.023438 2.718085 4096
-3.449219 0.127441 2.731585 4096
-3.511719 0.086426 2.731585 4096
-3.539062 0.082520 2.731585 4096
-3.521484 0.097656 2.731585 4096
-3.416016 0.232910 2.731585 4096
-3.484375 0.005859 2.731585 4096
-3.470703 0.163086 2.731585 4096
-3.525391 0.452637 2.731585 4096
-3.445312 0.010254 2.745285 4096
-3.335938 0.029785 2.745285 4096
-3.455078 0.089844 2.745285 4096
-3.435547 0.083496 2.745285 4096
-3.390625 0.067871 2.745285 4096
-3.490234 0.281250 2.745285 4096
-3.531250 0.055664 2.745285 4096
-3.548828 0.378418 2.745285 4096
-3.408203 0.178223 2.759185 4096
-3.373047 0.209961 2.759185 4096
-3.369141 0.095703 2.759185 4096
-3.552734 0.087891 2.759185 4096
-3.359375 0.181641 2.759185 4096
-3.496094 0.008789 2.759185 4096
-3.535156 0.406738 2.759185 4096
-3.568359 0.587891 2.759185 4096
-3.296875 0.041016 2.773285 4096
-3.433594 0.178711 2.773285 4096
-3.431641 0.277832 2.773285 4096
-3.503906 0.221680 2.773285 4096
-3.416016 0.025879 2.773285 4096
-3.548828 0.499512 2.773285 4096
-3.585938 0.134766 2.773285 4096
-3.542969 0.144043 2.773285 4096
-3.429688 0.178223 2.787585 4096
-3.406250 0.046387 2.787585 4096
-3.392578 0.051758 2.787585 4096
-3.464844 0.241211 2.787585 4096
-3.400391 0.269043 2.787585 4096
-3.384766 0.080078 2.787585 4096
-3.441406 0.088379 2.787585 4096
-3.513672 0.208496 2.787585 4096
-3.314453 0.040039 2.802085 4096
-3.439453 0.109863 2.802085 4096
-3.402344 0.029785 2.802085 4096
-3.386719 0.073730 2.802085 4096
-3.328125 0.108398 2.802085 4096
-3.419922 0.142578 2.802085 4096
-3.414062 0.048340 2.802085 4096
-3.474609 0.098145 2.802085 4096
-3.412109 0.044434 2.816785 4096
-3.492188 0.034180 2.816785 4096
-3.507812 0.134277 2.816785 4096
-3.517578 0.125488 2.816785 4096
-3.333984 0.066895 2.816785 4096
-3.324219 0.085938 2.816785 4096
-3.447266 0.083008 2.816785 4096
-3.556641 0.133789 2.816785 4096
-3.494141 0.006348 2.831685 4096
-3.488281 0.239258 2.831685 4096
-3.527344 0.023926 2.831685 4096
-3.523438 0.616699 2.831685 4096
-3.451172 0.238281 2.831685 4096
-3.294922 0.086426 2.831685 4096
-3.478516 0.324219 2.831685 4096
-3.574219 0.073730 2.831685 4096
-3.246094 0.076172 2.846785 4096
-3.521484 0.060059 2.846785 4096
-3.306641 0.001953 2.846785 4096
-3.398438 0.070801 2.846785 4096
-3.498047 0.199219 2.846785 4096
-3.443359 0.105957 2.846785 4096
-3.470703 0.082520 2.846785 4096
-3.417969 0.258301 2.846785 4096
-3.513672 0.407227 2.862085 4096
-3.380859 0.295898 2.862085 4096
-3.371094 0.137695 2.862085 4096
-3.587891 0.119141 2.862085 4096
-3.406250 0.052246 2.862085 4096
-3.421875 0.064453 2.862085 4096
-3.445312 0.242676 2.862085 4096
-3.443359 0.289551 2.862085 4096
-3.347656 0.032715 2.877585 4096
-3.482422 0.041016 2.877585 4096
-3.542969 0.242188 2.877585 4096
-3.539062 0.156738 2.877585 4096
-3.337891 0.192871 2.877585 4096
-3.324219 0.004883 2.877585 4096
-3.382812 0.152832 2.877585 4096
-3.523438 0.283203 2.877585 4096
-3.378906 0.247070 2.893285 4096
-3.402344 0.332031 2.893285 4096
-3.427734 0.219727 2.893285 4096
-3.392578 0.127930 2.893285 4096
-3.500000 0.467773 2.893285 4096
-3.353516 0.154785 2.893285 4096
-3.437500 0.251465 2.893285 4096
-3.568359 0.416016 2.893285 4096
-3.371094 0.027832 2.909185 4096
-3.466797 0.169434 2.909185 4096
-3.296875 0.166504 2.909185 4096
-3.398438 0.076172 2.909185 4096
-3.402344 0.208008 2.909185 4096
-3.427734 0.078613 2.909185 4096
-3.386719 0.318848 2.909185 4096
-3.363281 0.078613 2.909185 4096
-3.416016 0.360840 2.925285 4096
-3.396484 0.125977 2.925285 4096
-3.402344 0.034180 2.925285 4096
-3.511719 0.102051 2.925285 4096
-3.339844 0.216797 2.925285 4096
-3.324219 0.125000 2.925285 4096
-3.373047 0.161133 2.925285 4096
-3.527344 0.187988 2.925285 4096
-3.394531 0.239258 2.941585 4096
-3.460938 0.055664 2.941585 4096
-3.435547 0.037109 2.941585 4096
-3.451172 0.248047 2.941585 4096
-3.351562 0.068359 2.941585 4096
-3.320312 0.067871 2.941585 4096
-3.384766 0.154297 2.941585 4096
-3.404297 0.167480 2.941585 4096
-3.371094 0.212891 2.958085 4096
-3.367188 0.166992 2.958085 4096
-3.451172 0.147949 2.958085 4096
-3.480469 0.281738 2.958085 4096
-3.289062 0.002930 2.958085 4096
-3.474609 0.067871 2.958085 4096
-3.351562 0.288086 2.958085 4096
-3.445312 0.326660 2.958085 4096
-3.355469 0.129395 2.974785 4096
-3.365234 0.091797 2.974785 4096
-3.537109 0.464355 2.974785 4096
-3.443359 0.034668 2.974785 4096
-3.339844 0.114746 2.974785 4096
-3.341797 0.094727 2.974785 4096
-3.564453 0.321289 2.974785 4096
-3.443359 0.489258 2.974785 4096
-3.316406 0.010742 2.991685 4096
-3.449219 0.082031 2.991685 4096
-3.388672 0.266113 2.991685 4096
-3.435547 0.105469 2.991685 4096
-3.392578 0.315430 2.991685 4096
-3.453125 0.234863 2.991685 4096
-3.375000 0.009766 2.991685 4096
-3.437500 0.329102 2.991685 4096
-3.402344 0.301270 3.008785 4096
-3.292969 0.015625 3.008785 4096
-3.345703 0.019531 3.008785 4096
-3.359375 0.249023 3.008785 4096
-3.275391 0.196777 3.008785 4096
-3.425781 0.310547 3.008785 4096
-3.431641 0.315918 3.008785 4096
-3.328125 0.242188 3.008785 4096
-3.335938 0.182129 3.026085 4096
-3.298828 0.114746 3.026085 4096
-3.388672 0.291992 3.026085 4096
-3.488281 0.520020 3.026085 4096
-3.304688 0.367188 3.026085 4096
-3.318359 0.148926 3.026085 4096
-3.298828 0.054688 3.026085 4096
-3.531250 0.517578 3.026085 4096
-3.310547 0.072754 3.043585 4096
-3.375000 0.005371 3.043585 4096
-3.332031 0.010742 3.043585 4096
-3.560547 0.382324 3.043585 4096
-3.398438 0.299805 3.043585 4096
-3.298828 0.085449 3.043585 4096
-3.359375 0.020020 3.043585 4096
-3.492188 0.205566 3.043585 4096
-3.306641 0.188965 3.061285 4096
-3.369141 0.095703 3.061285 4096
-3.386719 0.007324 3.061285 4096
-3.427734 0.334473 3.061285 4096
-3.269531 0.064941 3.061285 4096
-3.398438 0.132324 3.061285 4096
-3.373047 0.130859 3.061285 4096
-3.378906 0.040039 3.061285 4096
-3.271484 0.109375 3.079185 4096
-3.339844 0.062012 3.079185 4096
-3.361328 0.019043 3.079185 4096
-3.332031 0.167480 3.079185 4096
-3.234375 0.051758 3.079185 4096
-3.324219 0.048340 3.079185 4096
-3.302734 0.049805 3.079185 4096
-3.351562 0.202637 3.079185 4096
-3.275391 0.047363 3.097285 4096
-3.474609 0.136719 3.097285 4096
-3.361328 0.000000 3.097285 4096
-3.402344 0.096680 3.097285 4096
-3.287109 0.149902 3.097285 4096
-3.363281 0.094238 3.097285 4096
-3.318359 0.311035 3.097285 4096
-3.421875 0.257324 3.097285 4096
-3.361328 0.236328 3.115585 4096
-3.390625 0.026855 3.115585 4096
-3.410156 0.003906 3.115585 4096
-3.458984 0.338867 3.115585 4096
-3.302734 0.008789 3.115585 4096
-3.341797 0.105957 3.115585 4096
-3.371094 0.106934 3.115585 4096
-3.396484 0.137695 3.115585 4096
-3.298828 0.163086 3.134085 4096
-3.251953 0.113770 3.134085 4096
-3.345703 0.170898 3.134085 4096
-3.431641 0.221680 3.134085 4096
-3.425781 0.279785 3.134085 4096
-3.341797 0.097656 3.134085 4096
-3.505859 0.079590 3.134085 4096
-3.414062 0.016602 3.134085 4096
-3.304688 0.089355 3.152785 4096
-3.326172 0.069824 3.152785 4096
-3.345703 0.027344 3.152785 4096
-3.496094 0.360352 3.152785 4096
-3.230469 0.037598 3.152785 4096
-3.359375 0.062012 3.152785 4096
-3.404297 0.239746 3.152785 4096
-3.349609 0.032227 3.152785 4096
-3.273438 0.156250 3.171685 4096
-3.304688 0.130859 3.171685 4096
-3.378906 0.047363 3.171685 4096
-3.279297 0.153320 3.171685 4096
-3.224609 0.142090 3.171685 4096
-3.369141 0.013672 3.171685 4096
-3.507812 0.149902 3.171685 4096
-3.291016 0.070312 3.171685 4096
-3.320312 0.037109 3.190785 4096
-3.330078 0.005371 3.190785 4096
-3.351562 0.266602 3.190785 4096
-3.462891 0.104004 3.190785 4096
-3.226562 0.049316 3.190785 4096
-3.240234 0.085449 3.190785 4096
-3.240234 0.054688 3.190785 4096
-3.320312 0.306641 3.190785 4096
-3.253906 0.283203 3.210085 4096
-3.353516 0.095703 3.210085 4096
-3.316406 0.096680 3.210085 4096
-3.369141 0.345215 3.210085 4096
-3.416016 0.048340 3.210085 4096
-3.265625 0.117676 3.210085 4096
-3.431641 0.338379 3.210085 4096
-3.498047 0.085449 3.210085 4096
-3.232422 0.321777 3.229585 4096
-3.410156 0.272949 3.229585 4096
-3.320312 0.226562 3.229585 4096
-3.351562 0.139648 3.229585 4096
-3.253906 0.101562 3.229585 4096
-3.242188 0.081055 3.229585 4096
-3.359375 0.030273 3.229585 4096
-3.541016 0.206055 3.229585 4096
-3.117188 0.098145 3.249285 4096
-3.320312 0.399414 3.249285 4096
-3.177734 0.146973 3.249285 4096
-3.353516 0.195801 3.249285 4096
-3.246094 0.014160 3.249285 4096
-3.298828 0.083496 3.249285 4096
-3.361328 0.039551 3.249285 4096
-3.361328 0.042480 3.249285 4096
