-3.218750 0.132812 1.269185 256
-3.281250 0.250000 1.269185 256
-3.187500 0.398438 1.269185 256
-4.000000 1.000000 1.269185 256
-4.000000 1.000000 1.269185 256
-4.000000 1.000000 1.269185 256
-3.437500 0.578125 1.269185 256
-4.000000 1.000000 1.269185 256
-3.406250 0.492188 1.289085 256
-3.593750 0.726562 1.289085 256
-3.750000 0.921875 1.289085 256
-3.656250 0.851562 1.289085 256
-3.468750 0.640625 1.289085 256
-3.593750 0.789062 1.289085 256
-4.000000 1.000000 1.289085 256
-4.000000 1.000000 1.289085 256
-3.218750 0.281250 1.308785 256
-3.250000 0.281250 1.308785 256
-3.593750 0.796875 1.308785 256
-3.312500 0.210938 1.308785 256
-3.625000 0.828125 1.308785 256
-3.343750 0.132812 1.308785 256
-3.281250 0.140625 1.308785 256
-3.500000 0.601562 1.308785 256
-4.000000 1.000000 1.328285 256
-3.406250 0.257812 1.328285 256
-3.468750 0.617188 1.328285 256
-4.000000 1.000000 1.328285 256
-3.156250 0.515625 1.328285 256
-3.406250 0.015625 1.328285 256
-3.375000 0.164062 1.328285 256
-3.468750 0.585938 1.328285 256
-3.750000 0.898438 1.347585 256
-4.000000 1.000000 1.347585 256
-3.375000 0.054688 1.347585 256
-3.500000 0.765625 1.347585 256
-3.375000 0.406250 1.347585 256
-3.468750 0.531250 1.347585 256
-4.000000 1.000000 1.347585 256
-4.000000 1.000000 1.347585 256
-3.531250 0.664062 1.366685 256
-3.375000 0.695312 1.366685 256
-4.000000 1.000000 1.366685 256
-4.000000 1.000000 1.366685 256
-3.406250 0.078125 1.366685 256
-3.500000 0.609375 1.366685 256
-4.000000 1.000000 1.366685 256
-4.000000 1.000000 1.366685 256
-3.343750 0.453125 1.385585 256
-3.812500 0.937500 1.385585 256
-3.281250 0.164062 1.385585 256
-3.937500 0.992188 1.385585 256
-3.687500 0.875000 1.385585 256
-4.000000 1.000000 1.385585 256
-3.000000 0.085938 1.385585 256
-3.343750 0.367188 1.385585 256
-3.437500 0.632812 1.404285 256
-3.562500 0.757812 1.404285 256
-4.000000 1.000000 1.404285 256
-3.343750 0.148438 1.404285 256
-3.406250 0.476562 1.404285 256
-3.468750 0.460938 1.404285 256
-3.687500 0.859375 1.404285 256
-4.000000 1.000000 1.404285 256
-3.593750 0.804688 1.422785 256
-3.437500 0.210938 1.422785 256
-3.281250 0.406250 1.422785 256
-4.000000 1.000000 1.422785 256
-4.000000 1.000000 1.422785 256
-3.187500 0.117188 1.422785 256
-3.625000 0.812500 1.422785 256
-3.437500 0.164062 1.422785 256
-3.531250 0.710938 1.441085 256
-4.000000 1.000000 1.441085 256
-3.343750 0.257812 1.441085 256
-3.437500 0.250000 1.441085 256
-3.250000 0.226562 1.441085 256
-3.312500 0.382812 1.441085 256
-3.468750 0.195312 1.441085 256
-3.406250 0.546875 1.441085 256
-3.375000 0.500000 1.459185 256
-3.375000 0.148438 1.459185 256
-4.000000 1.000000 1.459185 256
-4.000000 1.000000 1.459185 256
-3.718750 0.875000 1.459185 256
-3.406250 0.468750 1.459185 256
-3.406250 0.585938 1.459185 256
-3.343750 0.367188 1.459185 256
-4.000000 1.000000 1.477085 256
-3.875000 0.984375 1.477085 256
-3.656250 0.875000 1.477085 256
-4.000000 1.000000 1.477085 256
-3.437500 0.593750 1.477085 256
-3.843750 0.968750 1.477085 256
-3.531250 0.789062 1.477085 256
-3.468750 0.640625 1.477085 256
-3.375000 0.531250 1.494785 256
-3.343750 0.210938 1.494785 256
-3.812500 0.960938 1.494785 256
-4.000000 1.000000 1.494785 256
-3.375000 0.156250 1.494785 256
-4.000000 1.000000 1.494785 256
-3.343750 0.031250 1.494785 256
-4.000000 1.000000 1.494785 256
-3.312500 0.531250 1.512285 256
-3.437500 0.546875 1.512285 256
-4.000000 1.000000 1.512285 256
-4.000000 1.000000 1.512285 256
-3.218750 0.476562 1.512285 256
-3.843750 0.968750 1.512285 256
-4.000000 1.000000 1.512285 256
-4.000000 1.000000 1.512285 256
-3.156250 0.062500 1.529585 256
-3.437500 0.617188 1.529585 256
-3.125000 0.406250 1.529585 256
-3.562500 0.726562 1.529585 256
-3.250000 0.031250 1.529585 256
-3.593750 0.765625 1.529585 256
-3.437500 0.156250 1.529585 256
-3.500000 0.765625 1.529585 256
-4.000000 1.000000 1.546685 256
-4.000000 1.000000 1.546685 256
-3.218750 0.109375 1.546685 256
-3.156250 0.468750 1.546685 256
-3.343750 0.398438 1.546685 256
-3.437500 0.601562 1.546685 256
-3.312500 0.289062 1.546685 256
-4.000000 1.000000 1.546685 256
-3.250000 0.085938 1.563585 256
-3.218750 0.046875 1.563585 256
-3.343750 0.039062 1.563585 256
-4.000000 1.000000 1.563585 256
-3.406250 0.500000 1.563585 256
-3.281250 0.375000 1.563585 256
-3.468750 0.617188 1.563585 256
-4.000000 1.000000 1.563585 256
-3.125000 0.414062 1.580285 256
-3.656250 0.851562 1.580285 256
-3.625000 0.812500 1.580285 256
-4.000000 1.000000 1.580285 256
-3.281250 0.523438 1.580285 256
-3.343750 0.132812 1.580285 256
-4.000000 1.000000 1.580285 256
-3.656250 0.843750 1.580285 256
-3.218750 0.132812 1.596785 256
-3.281250 0.148438 1.596785 256
-4.000000 1.000000 1.596785 256
-3.281250 0.054688 1.596785 256
-3.312500 0.007812 1.596785 256
-3.343750 0.531250 1.596785 256
-3.343750 0.414062 1.596785 256
-4.000000 1.000000 1.596785 256
-3.156250 0.179688 1.613085 256
-3.312500 0.203125 1.613085 256
-3.437500 0.140625 1.613085 256
-4.000000 1.000000 1.613085 256
-3.281250 0.343750 1.613085 256
-3.312500 0.289062 1.613085 256
-3.468750 0.156250 1.613085 256
-3.468750 0.070312 1.613085 256
-3.281250 0.078125 1.629185 256
-3.343750 0.468750 1.629185 256
-3.312500 0.148438 1.629185 256
-4.000000 1.000000 1.629185 256
-3.406250 0.046875 1.629185 256
-4.000000 1.000000 1.629185 256
-3.312500 0.359375 1.629185 256
-3.406250 0.390625 1.629185 256
-3.375000 0.445312 1.645085 256
-3.187500 0.164062 1.645085 256
-3.000000 0.007812 1.645085 256
-3.312500 0.632812 1.645085 256
-3.437500 0.132812 1.645085 256
-3.375000 0.460938 1.645085 256
-3.312500 0.367188 1.645085 256
-3.281250 0.328125 1.645085 256
-3.593750 0.859375 1.660785 256
-3.281250 0.078125 1.660785 256
-3.718750 0.875000 1.660785 256
-4.000000 1.000000 1.660785 256
-3.781250 0.914062 1.660785 256
-3.187500 0.242188 1.660785 256
-4.000000 1.000000 1.660785 256
-3.593750 0.804688 1.660785 256
-3.343750 0.500000 1.676285 256
-3.250000 0.312500 1.676285 256
-4.000000 1.000000 1.676285 256
-3.437500 0.539062 1.676285 256
-3.562500 0.765625 1.676285 256
-3.312500 0.203125 1.676285 256
-3.375000 0.250000 1.676285 256
-3.937500 0.992188 1.676285 256
-3.250000 0.062500 1.691585 256
-3.406250 0.570312 1.691585 256
-4.000000 1.000000 1.691585 256
-3.312500 0.367188 1.691585 256
-3.406250 0.109375 1.691585 256
-3.406250 0.148438 1.691585 256
-3.187500 0.273438 1.691585 256
-3.375000 0.312500 1.691585 256
-3.531250 0.765625 1.706685 256
-4.000000 1.000000 1.706685 256
-3.375000 0.250000 1.706685 256
-3.625000 0.789062 1.706685 256
-3.343750 0.328125 1.706685 256
-4.000000 1.000000 1.706685 256
-3.312500 0.421875 1.706685 256
-3.562500 0.742188 1.706685 256
-4.000000 1.000000 1.721585 256
-3.812500 0.953125 1.721585 256
-3.406250 0.523438 1.721585 256
-3.750000 0.914062 1.721585 256
-3.218750 0.304688 1.721585 256
-3.343750 0.382812 1.721585 256
-3.406250 0.242188 1.721585 256
-3.312500 0.171875 1.721585 256
-3.281250 0.335938 1.736285 256
-3.250000 0.000000 1.736285 256
-3.343750 0.460938 1.736285 256
-3.312500 0.039062 1.736285 256
-3.250000 0.406250 1.736285 256
-3.562500 0.710938 1.736285 256
-3.406250 0.265625 1.736285 256
-4.000000 1.000000 1.736285 256
-3.375000 0.523438 1.750785 256
-3.250000 0.328125 1.750785 256
-3.406250 0.179688 1.750785 256
-3.437500 0.531250 1.750785 256
-3.531250 0.742188 1.750785 256
-3.312500 0.398438 1.750785 256
-3.281250 0.109375 1.750785 256
-4.000000 1.000000 1.750785 256
-3.343750 0.093750 1.765085 256
-3.250000 0.289062 1.765085 256
-3.281250 0.179688 1.765085 256
-3.312500 0.187500 1.765085 256
-3.375000 0.468750 1.765085 256
-3.250000 0.171875 1.765085 256
-3.500000 0.695312 1.765085 256
-4.000000 1.000000 1.765085 256
-3.093750 0.031250 1.779185 256
-3.125000 0.078125 1.779185 256
-4.000000 1.000000 1.779185 256
-3.437500 0.539062 1.779185 256
-4.000000 1.000000 1.779185 256
-3.468750 0.296875 1.779185 256
-3.281250 0.132812 1.779185 256
-3.562500 0.781250 1.779185 256
-3.562500 0.750000 1.793085 256
-3.312500 0.265625 1.793085 256
-3.343750 0.515625 1.793085 256
-3.500000 0.617188 1.793085 256
-3.250000 0.101562 1.793085 256
-3.593750 0.750000 1.793085 256
-3.937500 0.992188 1.793085 256
-4.000000 1.000000 1.793085 256
-3.562500 0.703125 1.806785 256
-4.000000 1.000000 1.806785 256
-3.468750 0.718750 1.806785 256
-4.000000 1.000000 1.806785 256
-4.000000 1.000000 1.806785 256
-3.500000 0.664062 1.806785 256
-4.000000 1.000000 1.806785 256
-3.406250 0.281250 1.806785 256
-3.125000 0.367188 1.820285 256
-3.468750 0.031250 1.820285 256
-3.281250 0.265625 1.820285 256
-4.000000 1.000000 1.820285 256
-3.437500 0.546875 1.820285 256
-3.218750 0.382812 1.820285 256
-3.343750 0.187500 1.820285 256
-3.562500 0.804688 1.820285 256
-3.343750 0.140625 1.833585 256
-3.562500 0.773438 1.833585 256
-3.500000 0.632812 1.833585 256
-3.875000 0.984375 1.833585 256
-3.156250 0.210938 1.833585 256
-3.281250 0.046875 1.833585 256
-3.437500 0.585938 1.833585 256
-3.187500 0.015625 1.833585 256
-3.343750 0.453125 1.846685 256
-3.375000 0.171875 1.846685 256
-4.000000 1.000000 1.846685 256
-4.000000 1.000000 1.846685 256
-3.406250 0.218750 1.846685 256
-3.375000 0.101562 1.846685 256
-4.000000 1.000000 1.846685 256
-4.000000 1.000000 1.846685 256
-3.625000 0.828125 1.859585 256
-3.281250 0.515625 1.859585 256
-3.375000 0.039062 1.859585 256
-3.312500 0.179688 1.859585 256
-3.562500 0.804688 1.859585 256
-3.468750 0.617188 1.859585 256
-3.312500 0.140625 1.859585 256
-3.781250 0.953125 1.859585 256
-3.500000 0.695312 1.872285 256
-3.406250 0.000000 1.872285 256
-3.312500 0.671875 1.872285 256
-3.250000 0.250000 1.872285 256
-3.375000 0.085938 1.872285 256
-3.250000 0.421875 1.872285 256
-3.218750 0.460938 1.872285 256
-3.250000 0.414062 1.872285 256
-3.375000 0.421875 1.884785 256
-3.593750 0.773438 1.884785 256
-3.687500 0.859375 1.884785 256
-3.718750 0.875000 1.884785 256
-3.468750 0.695312 1.884785 256
-3.218750 0.335938 1.884785 256
-3.437500 0.179688 1.884785 256
-4.000000 1.000000 1.884785 256
-3.406250 0.398438 1.897085 256
-3.218750 0.093750 1.897085 256
-3.406250 0.085938 1.897085 256
-4.000000 1.000000 1.897085 256
-3.312500 0.578125 1.897085 256
-4.000000 1.000000 1.897085 256
-4.000000 1.000000 1.897085 256
-3.250000 0.265625 1.897085 256
-3.281250 0.390625 1.909185 256
-3.687500 0.851562 1.909185 256
-4.000000 1.000000 1.909185 256
-3.937500 0.992188 1.909185 256
-3.937500 0.992188 1.909185 256
-3.281250 0.328125 1.909185 256
-3.187500 0.289062 1.909185 256
-3.250000 0.312500 1.909185 256
-3.093750 0.054688 1.921085 256
-3.718750 0.882812 1.921085 256
-3.312500 0.242188 1.921085 256
-3.312500 0.664062 1.921085 256
-3.312500 0.031250 1.921085 256
-3.156250 0.140625 1.921085 256
-3.312500 0.085938 1.921085 256
-3.500000 0.609375 1.921085 256
-3.250000 0.164062 1.932785 256
-4.000000 1.000000 1.932785 256
-4.000000 1.000000 1.932785 256
-3.343750 0.023438 1.932785 256
-3.500000 0.632812 1.932785 256
-3.343750 0.359375 1.932785 256
-4.000000 1.000000 1.932785 256
-3.625000 0.835938 1.932785 256
-3.406250 0.007812 1.944285 256
-3.468750 0.585938 1.944285 256
-3.187500 0.101562 1.944285 256
-3.593750 0.804688 1.944285 256
-3.406250 0.242188 1.944285 256
-3.406250 0.617188 1.944285 256
-3.281250 0.195312 1.944285 256
-3.312500 0.367188 1.944285 256
-3.312500 0.117188 1.955585 256
-3.500000 0.648438 1.955585 256
-3.375000 0.070312 1.955585 256
-4.000000 1.000000 1.955585 256
-3.343750 0.195312 1.955585 256
-3.281250 0.414062 1.955585 256
-3.937500 0.992188 1.955585 256
-3.218750 0.039062 1.955585 256
-3.468750 0.546875 1.966685 256
-3.468750 0.664062 1.966685 256
-3.437500 0.601562 1.966685 256
-3.531250 0.843750 1.966685 256
-4.000000 1.000000 1.966685 256
-3.531250 0.765625 1.966685 256
-4.000000 1.000000 1.966685 256
-3.312500 0.117188 1.966685 256
-3.531250 0.843750 1.977585 256
-3.250000 0.015625 1.977585 256
-3.375000 0.101562 1.977585 256
-4.000000 1.000000 1.977585 256
-3.218750 0.046875 1.977585 256
-4.000000 1.000000 1.977585 256
-3.625000 0.828125 1.977585 256
-3.500000 0.765625 1.977585 256
-3.281250 0.320312 1.988285 256
-4.000000 1.000000 1.988285 256
-3.593750 0.882812 1.988285 256
-4.000000 1.000000 1.988285 256
-4.000000 1.000000 1.988285 256
-3.406250 0.523438 1.988285 256
-3.562500 0.710938 1.988285 256
-4.000000 1.000000 1.988285 256
-3.343750 0.500000 1.998785 256
-4.000000 1.000000 1.998785 256
-3.812500 0.945312 1.998785 256
-3.468750 0.656250 1.998785 256
-4.000000 1.000000 1.998785 256
-3.468750 0.625000 1.998785 256
-3.375000 0.453125 1.998785 256
-3.375000 0.507812 1.998785 256
-3.375000 0.500000 2.009085 256
-3.312500 0.382812 2.009085 256
-4.000000 1.000000 2.009085 256
-3.406250 0.523438 2.009085 256
-3.375000 0.515625 2.009085 256
-3.500000 0.609375 2.009085 256
-3.812500 0.976562 2.009085 256
-4.000000 1.000000 2.009085 256
-3.500000 0.601562 2.019185 256
-3.312500 0.296875 2.019185 256
-4.000000 1.000000 2.019185 256
-3.625000 0.820312 2.019185 256
-3.218750 0.164062 2.019185 256
-3.312500 0.007812 2.019185 256
-3.531250 0.671875 2.019185 256
-4.000000 1.000000 2.019185 256
-3.312500 0.031250 2.029085 256
-3.500000 0.640625 2.029085 256
-4.000000 1.000000 2.029085 256
-3.937500 0.992188 2.029085 256
-3.406250 0.734375 2.029085 256
-3.750000 0.914062 2.029085 256
-4.000000 1.000000 2.029085 256
-3.312500 0.382812 2.029085 256
-3.406250 0.656250 2.038785 256
-3.156250 0.343750 2.038785 256
-3.656250 0.890625 2.038785 256
-4.000000 1.000000 2.038785 256
-3.343750 0.156250 2.038785 256
-3.593750 0.796875 2.038785 256
-3.437500 0.617188 2.038785 256
-3.312500 0.148438 2.038785 256
-3.093750 0.367188 2.048285 256
-3.250000 0.054688 2.048285 256
-3.250000 0.203125 2.048285 256
-4.000000 1.000000 2.048285 256
-3.187500 0.250000 2.048285 256
-3.312500 0.320312 2.048285 256
-3.750000 0.906250 2.048285 256
-3.312500 0.164062 2.048285 256
-3.687500 0.875000 2.057585 256
-3.343750 0.476562 2.057585 256
-4.000000 1.000000 2.057585 256
-4.000000 1.000000 2.057585 256
-3.406250 0.671875 2.057585 256
-3.312500 0.210938 2.057585 256
-3.375000 0.117188 2.057585 256
-3.312500 0.250000 2.057585 256
-3.468750 0.632812 2.066685 256
-4.000000 1.000000 2.066685 256
-3.281250 0.257812 2.066685 256
-3.656250 0.859375 2.066685 256
-3.187500 0.328125 2.066685 256
-3.250000 0.304688 2.066685 256
-2.968750 0.210938 2.066685 256
-3.312500 0.140625 2.066685 256
-3.562500 0.773438 2.075585 256
-3.125000 0.078125 2.075585 256
-2.968750 0.031250 2.075585 256
-4.000000 1.000000 2.075585 256
-3.218750 0.515625 2.075585 256
-3.375000 0.492188 2.075585 256
-3.437500 0.343750 2.075585 256
-3.750000 0.914062 2.075585 256
-3.281250 0.062500 2.084285 256
-4.000000 1.000000 2.084285 256
-4.000000 1.000000 2.084285 256
-3.937500 0.992188 2.084285 256
-3.343750 0.570312 2.084285 256
-4.000000 1.000000 2.084285 256
-3.343750 0.062500 2.084285 256
-4.000000 1.000000 2.084285 256
-3.250000 0.062500 2.092785 256
-3.250000 0.320312 2.092785 256
-3.500000 0.726562 2.092785 256
-3.531250 0.632812 2.092785 256
-3.343750 0.093750 2.092785 256
-3.281250 0.421875 2.092785 256
-3.406250 0.570312 2.092785 256
-3.343750 0.046875 2.092785 256
-3.593750 0.835938 2.101085 256
-3.468750 0.703125 2.101085 256
-3.218750 0.304688 2.101085 256
-3.343750 0.546875 2.101085 256
-3.187500 0.218750 2.101085 256
-3.500000 0.632812 2.101085 256
-3.281250 0.078125 2.101085 256
-3.343750 0.015625 2.101085 256
-4.000000 1.000000 2.109185 256
-3.750000 0.882812 2.109185 256
-3.250000 0.367188 2.109185 256
-3.687500 0.882812 2.109185 256
-3.343750 0.156250 2.109185 256
-4.000000 1.000000 2.109185 256
-3.312500 0.328125 2.109185 256
-3.875000 0.984375 2.109185 256
-3.250000 0.015625 2.117085 256
-4.000000 1.000000 2.117085 256
-3.437500 0.671875 2.117085 256
-3.687500 0.882812 2.117085 256
-3.625000 0.812500 2.117085 256
-4.000000 1.000000 2.117085 256
-3.625000 0.812500 2.117085 256
-3.500000 0.742188 2.117085 256
-3.718750 0.882812 2.124785 256
-3.218750 0.210938 2.124785 256
-3.593750 0.820312 2.124785 256
-4.000000 1.000000 2.124785 256
-3.343750 0.148438 2.124785 256
-3.906250 0.984375 2.124785 256
-3.125000 0.281250 2.124785 256
-3.187500 0.007812 2.124785 256
-3.500000 0.687500 2.132285 256
-3.937500 0.992188 2.132285 256
-4.000000 1.000000 2.132285 256
-4.000000 1.000000 2.132285 256
-3.281250 0.375000 2.132285 256
-3.531250 0.710938 2.132285 256
-4.000000 1.000000 2.132285 256
-4.000000 1.000000 2.132285 256
-3.375000 0.445312 2.139585 256
-4.000000 1.000000 2.139585 256
-3.343750 0.507812 2.139585 256
-3.937500 0.992188 2.139585 256
-4.000000 1.000000 2.139585 256
-4.000000 1.000000 2.139585 256
-3.187500 0.437500 2.139585 256
-3.531250 0.742188 2.139585 256
-3.250000 0.031250 2.146685 256
-3.156250 0.093750 2.146685 256
-3.562500 0.812500 2.146685 256
-3.125000 0.054688 2.146685 256
-3.125000 0.140625 2.146685 256
-3.937500 0.992188 2.146685 256
-3.500000 0.695312 2.146685 256
-3.093750 0.226562 2.146685 256
-3.312500 0.421875 2.153585 256
-3.531250 0.820312 2.153585 256
-3.406250 0.453125 2.153585 256
-4.000000 1.000000 2.153585 256
-4.000000 1.000000 2.153585 256
-3.406250 0.500000 2.153585 256
-3.187500 0.226562 2.153585 256
-4.000000 1.000000 2.153585 256
-3.937500 0.992188 2.160285 256
-3.281250 0.445312 2.160285 256
-3.125000 0.210938 2.160285 256
-3.875000 0.984375 2.160285 256
-3.656250 0.851562 2.160285 256
-3.250000 0.484375 2.160285 256
-3.718750 0.898438 2.160285 256
-3.281250 0.015625 2.160285 256
-3.250000 0.570312 2.166785 256
-2.937500 0.023438 2.166785 256
-3.437500 0.695312 2.166785 256
-3.343750 0.140625 2.166785 256
-3.281250 0.570312 2.166785 256
-4.000000 1.000000 2.166785 256
-3.281250 0.046875 2.166785 256
-4.000000 1.000000 2.166785 256
-3.437500 0.625000 2.173085 256
-3.375000 0.664062 2.173085 256
-3.437500 0.695312 2.173085 256
-3.281250 0.570312 2.173085 256
-3.187500 0.242188 2.173085 256
-4.000000 1.000000 2.173085 256
-3.250000 0.132812 2.173085 256
-3.750000 0.882812 2.173085 256
-3.531250 0.742188 2.179185 256
-4.000000 1.000000 2.179185 256
-3.187500 0.406250 2.179185 256
-3.312500 0.304688 2.179185 256
-3.406250 0.539062 2.179185 256
-4.000000 1.000000 2.179185 256
-3.250000 0.242188 2.179185 256
-4.000000 1.000000 2.179185 256
-3.531250 0.664062 2.185085 256
-3.437500 0.234375 2.185085 256
-3.375000 0.281250 2.185085 256
-3.937500 0.992188 2.185085 256
-4.000000 1.000000 2.185085 256
-3.375000 0.789062 2.185085 256
-3.218750 0.148438 2.185085 256
-3.250000 0.484375 2.185085 256
-3.187500 0.148438 2.190785 256
-3.500000 0.671875 2.190785 256
-4.000000 1.000000 2.190785 256
-3.343750 0.562500 2.190785 256
-4.000000 1.000000 2.190785 256
-3.312500 0.476562 2.190785 256
-3.250000 0.203125 2.190785 256
-3.500000 0.742188 2.190785 256
-3.156250 0.507812 2.196285 256
-3.625000 0.773438 2.196285 256
-3.250000 0.375000 2.196285 256
-4.000000 1.000000 2.196285 256
-3.343750 0.109375 2.196285 256
-3.531250 0.695312 2.196285 256
-3.500000 0.765625 2.196285 256
-3.531250 0.734375 2.196285 256
-3.250000 0.031250 2.201585 256
-3.281250 0.445312 2.201585 256
-3.281250 0.546875 2.201585 256
-3.937500 0.992188 2.201585 256
-3.281250 0.281250 2.201585 256
-3.406250 0.507812 2.201585 256
-4.000000 1.000000 2.201585 256
-4.000000 1.000000 2.201585 256
-3.375000 0.554688 2.206685 256
-3.312500 0.562500 2.206685 256
-3.375000 0.281250 2.206685 256
-3.593750 0.820312 2.206685 256
-4.000000 1.000000 2.206685 256
-3.343750 0.476562 2.206685 256
-3.625000 0.835938 2.206685 256
-4.000000 1.000000 2.206685 256
-3.468750 0.640625 2.211585 256
-4.000000 1.000000 2.211585 256
-3.218750 0.054688 2.211585 256
-3.375000 0.398438 2.211585 256
-3.437500 0.593750 2.211585 256
-3.281250 0.429688 2.211585 256
-3.062500 0.054688 2.211585 256
-3.562500 0.812500 2.211585 256
-3.468750 0.687500 2.216285 256
-3.406250 0.601562 2.216285 256
-3.437500 0.679688 2.216285 256
-3.375000 0.132812 2.216285 256
-3.500000 0.664062 2.216285 256
-3.406250 0.609375 2.216285 256
-3.218750 0.453125 2.216285 256
-3.093750 0.125000 2.216285 256
-3.312500 0.312500 2.220785 256
-4.000000 1.000000 2.220785 256
-4.000000 1.000000 2.220785 256
-3.718750 0.898438 2.220785 256
-3.312500 0.023438 2.220785 256
-3.468750 0.750000 2.220785 256
-4.000000 1.000000 2.220785 256
-4.000000 1.000000 2.220785 256
-3.250000 0.125000 2.225085 256
-3.312500 0.046875 2.225085 256
-3.656250 0.890625 2.225085 256
-3.906250 0.984375 2.225085 256
-3.187500 0.148438 2.225085 256
-2.937500 0.257812 2.225085 256
-3.437500 0.195312 2.225085 256
-3.281250 0.242188 2.225085 256
-3.406250 0.578125 2.229185 256
-3.218750 0.101562 2.229185 256
-3.375000 0.132812 2.229185 256
-3.406250 0.679688 2.229185 256
-3.312500 0.414062 2.229185 256
-3.406250 0.617188 2.229185 256
-3.062500 0.296875 2.229185 256
-3.375000 0.609375 2.229185 256
-3.750000 0.953125 2.233085 256
-3.312500 0.578125 2.233085 256
-3.187500 0.023438 2.233085 256
-3.468750 0.726562 2.233085 256
-3.843750 0.976562 2.233085 256
-4.000000 1.000000 2.233085 256
-3.281250 0.226562 2.233085 256
-3.312500 0.218750 2.233085 256
-3.312500 0.554688 2.236785 256
-3.281250 0.226562 2.236785 256
-3.937500 0.992188 2.236785 256
-3.093750 0.289062 2.236785 256
-3.437500 0.718750 2.236785 256
-3.125000 0.117188 2.236785 256
-4.000000 1.000000 2.236785 256
-3.656250 0.843750 2.236785 256
-3.375000 0.140625 2.240285 256
-3.375000 0.289062 2.240285 256
-3.281250 0.437500 2.240285 256
-4.000000 1.000000 2.240285 256
-3.062500 0.062500 2.240285 256
-3.343750 0.523438 2.240285 256
-3.281250 0.296875 2.240285 256
-3.187500 0.453125 2.240285 256
-3.375000 0.562500 2.243585 256
-3.187500 0.062500 2.243585 256
-3.375000 0.039062 2.243585 256
-3.312500 0.164062 2.243585 256
-3.218750 0.429688 2.243585 256
-3.593750 0.820312 2.243585 256
-3.250000 0.054688 2.243585 256
-3.343750 0.437500 2.243585 256
-3.375000 0.609375 2.246685 256
-3.281250 0.257812 2.246685 256
-3.125000 0.015625 2.246685 256
-3.031250 0.007812 2.246685 256
-3.187500 0.070312 2.246685 256
-3.375000 0.296875 2.246685 256
-3.468750 0.648438 2.246685 256
-4.000000 1.000000 2.246685 256
-4.000000 1.000000 2.249585 256
-3.375000 0.039062 2.249585 256
-3.531250 0.703125 2.249585 256
-3.218750 0.289062 2.249585 256
-2.906250 0.171875 2.249585 256
-3.187500 0.515625 2.249585 256
-3.937500 0.992188 2.249585 256
-3.281250 0.507812 2.249585 256
-3.125000 0.367188 2.252285 256
-3.656250 0.898438 2.252285 256
-3.281250 0.132812 2.252285 256
-3.875000 0.984375 2.252285 256
-3.281250 0.460938 2.252285 256
-3.218750 0.234375 2.252285 256
-3.343750 0.109375 2.252285 256
-3.375000 0.539062 2.252285 256
-3.625000 0.718750 2.254785 256
-3.437500 0.578125 2.254785 256
-3.343750 0.429688 2.254785 256
-3.812500 0.953125 2.254785 256
-3.281250 0.007812 2.254785 256
-3.406250 0.617188 2.254785 256
-3.687500 0.890625 2.254785 256
-3.468750 0.585938 2.254785 256
-3.187500 0.359375 2.257085 256
-3.656250 0.828125 2.257085 256
-3.937500 0.992188 2.257085 256
-4.000000 1.000000 2.257085 256
-3.250000 0.468750 2.257085 256
-3.500000 0.695312 2.257085 256
-3.218750 0.171875 2.257085 256
-3.531250 0.679688 2.257085 256
-3.187500 0.070312 2.259185 256
-3.656250 0.835938 2.259185 256
-3.375000 0.617188 2.259185 256
-3.281250 0.484375 2.259185 256
-3.531250 0.781250 2.259185 256
-3.750000 0.929688 2.259185 256
-3.187500 0.109375 2.259185 256
-3.281250 0.023438 2.259185 256
-3.250000 0.515625 2.261085 256
-3.906250 0.984375 2.261085 256
-3.343750 0.539062 2.261085 256
-3.187500 0.296875 2.261085 256
-4.000000 1.000000 2.261085 256
-3.375000 0.648438 2.261085 256
-3.593750 0.835938 2.261085 256
-3.218750 0.015625 2.261085 256
-3.250000 0.062500 2.262785 256
-3.218750 0.023438 2.262785 256
-3.250000 0.046875 2.262785 256
-3.937500 0.992188 2.262785 256
-3.468750 0.718750 2.262785 256
-3.187500 0.054688 2.262785 256
-3.750000 0.929688 2.262785 256
-3.500000 0.718750 2.262785 256
-3.437500 0.554688 2.264285 256
-3.250000 0.148438 2.264285 256
-3.312500 0.460938 2.264285 256
-3.625000 0.812500 2.264285 256
-3.531250 0.828125 2.264285 256
-3.375000 0.710938 2.264285 256
-3.250000 0.296875 2.264285 256
-4.000000 1.000000 2.264285 256
-3.375000 0.640625 2.265585 256
-3.343750 0.078125 2.265585 256
-3.343750 0.507812 2.265585 256
-3.937500 0.992188 2.265585 256
-3.250000 0.335938 2.265585 256
-3.750000 0.921875 2.265585 256
-3.531250 0.789062 2.265585 256
-3.468750 0.695312 2.265585 256
-3.218750 0.335938 2.266685 256
-3.312500 0.070312 2.266685 256
-3.281250 0.031250 2.266685 256
-3.843750 0.968750 2.266685 256
-3.937500 0.992188 2.266685 256
-3.562500 0.757812 2.266685 256
-3.218750 0.679688 2.266685 256
-3.906250 0.984375 2.266685 256
-3.406250 0.445312 2.267585 256
-3.281250 0.460938 2.267585 256
-3.500000 0.742188 2.267585 256
-4.000000 1.000000 2.267585 256
-3.937500 0.992188 2.267585 256
-3.437500 0.648438 2.267585 256
-3.343750 0.109375 2.267585 256
-3.812500 0.968750 2.267585 256
-3.656250 0.859375 2.268285 256
-3.281250 0.164062 2.268285 256
-3.500000 0.703125 2.268285 256
-3.656250 0.890625 2.268285 256
-3.343750 0.593750 2.268285 256
-3.718750 0.882812 2.268285 256
-3.937500 0.992188 2.268285 256
-4.000000 1.000000 2.268285 256
-3.500000 0.656250 2.268785 256
-3.781250 0.953125 2.268785 256
-3.187500 0.234375 2.268785 256
-3.250000 0.101562 2.268785 256
-4.000000 1.000000 2.268785 256
-3.937500 0.992188 2.268785 256
-3.343750 0.226562 2.268785 256
-3.093750 0.148438 2.268785 256
-4.000000 1.000000 2.269085 256
-4.000000 1.000000 2.269085 256
-3.281250 0.593750 2.269085 256
-3.843750 0.976562 2.269085 256
-4.000000 1.000000 2.269085 256
-3.406250 0.625000 2.269085 256
-3.937500 0.992188 2.269085 256
-3.125000 0.093750 2.269085 256
-3.187500 0.328125 2.269185 256
-3.406250 0.664062 2.269185 256
-3.468750 0.710938 2.269185 256
-3.625000 0.929688 2.269185 256
-4.000000 1.000000 2.269185 256
-4.000000 1.000000 2.269185 256
-4.000000 1.000000 2.269185 256
-4.000000 1.000000 2.269185 256
-3.687500 0.898438 2.269285 256
-3.218750 0.351562 2.269285 256
-3.625000 0.835938 2.269285 256
-3.375000 0.570312 2.269285 256
-3.468750 0.687500 2.269285 256
-3.343750 0.562500 2.269285 256
-3.093750 0.125000 2.269285 256
-3.562500 0.734375 2.269285 256
-3.437500 0.593750 2.269585 256
-3.312500 0.500000 2.269585 256
-3.406250 0.523438 2.269585 256
-3.625000 0.820312 2.269585 256
-3.500000 0.804688 2.269585 256
-3.656250 0.843750 2.269585 256
-3.218750 0.164062 2.269585 256
-4.000000 1.000000 2.269585 256
-3.281250 0.523438 2.270085 256
-3.312500 0.625000 2.270085 256
-3.218750 0.031250 2.270085 256
-4.000000 1.000000 2.270085 256
-3.562500 0.726562 2.270085 256
-3.937500 0.992188 2.270085 256
-3.875000 0.984375 2.270085 256
-4.000000 1.000000 2.270085 256
-3.312500 0.437500 2.270785 256
-4.000000 1.000000 2.270785 256
-3.125000 0.218750 2.270785 256
-4.000000 1.000000 2.270785 256
-3.281250 0.742188 2.270785 256
-3.468750 0.656250 2.270785 256
-3.625000 0.843750 2.270785 256
-3.500000 0.757812 2.270785 256
-3.250000 0.312500 2.271685 256
-3.218750 0.320312 2.271685 256
-3.468750 0.687500 2.271685 256
-3.343750 0.085938 2.271685 256
-3.187500 0.398438 2.271685 256
-3.343750 0.320312 2.271685 256
-3.343750 0.421875 2.271685 256
-3.218750 0.132812 2.271685 256
-3.562500 0.804688 2.272785 256
-3.343750 0.187500 2.272785 256
-3.218750 0.015625 2.272785 256
-3.375000 0.546875 2.272785 256
-3.093750 0.109375 2.272785 256
-3.312500 0.140625 2.272785 256
-4.000000 1.000000 2.272785 256
-3.625000 0.843750 2.272785 256
-3.343750 0.515625 2.274085 256
-3.250000 0.117188 2.274085 256
-3.406250 0.593750 2.274085 256
-3.250000 0.234375 2.274085 256
-3.125000 0.148438 2.274085 256
-3.343750 0.031250 2.274085 256
-3.656250 0.812500 2.274085 256
-3.562500 0.656250 2.274085 256
-3.343750 0.148438 2.275585 256
-3.625000 0.859375 2.275585 256
-3.187500 0.078125 2.275585 256
-4.000000 1.000000 2.275585 256
-3.937500 0.992188 2.275585 256
-3.281250 0.054688 2.275585 256
-3.468750 0.578125 2.275585 256
-3.218750 0.164062 2.275585 256
-3.312500 0.093750 2.277285 256
-3.250000 0.023438 2.277285 256
-3.593750 0.812500 2.277285 256
-4.000000 1.000000 2.277285 256
-3.750000 0.921875 2.277285 256
-3.281250 0.359375 2.277285 256
-3.343750 0.085938 2.277285 256
-3.500000 0.742188 2.277285 256
-3.406250 0.625000 2.279185 256
-3.531250 0.679688 2.279185 256
-3.937500 0.992188 2.279185 256
-4.000000 1.000000 2.279185 256
-3.718750 0.921875 2.279185 256
-3.312500 0.445312 2.279185 256
-3.593750 0.765625 2.279185 256
-4.000000 1.000000 2.279185 256
-3.562500 0.835938 2.281285 256
-3.781250 0.937500 2.281285 256
-3.218750 0.460938 2.281285 256
-3.312500 0.570312 2.281285 256
-3.187500 0.023438 2.281285 256
-3.093750 0.023438 2.281285 256
-3.250000 0.054688 2.281285 256
-3.218750 0.390625 2.281285 256
-3.125000 0.171875 2.283585 256
-3.500000 0.625000 2.283585 256
-3.187500 0.273438 2.283585 256
-3.937500 0.992188 2.283585 256
-3.937500 0.992188 2.283585 256
-3.281250 0.359375 2.283585 256
-3.343750 0.648438 2.283585 256
-4.000000 1.000000 2.283585 256
-3.468750 0.546875 2.286085 256
-3.125000 0.031250 2.286085 256
-3.343750 0.507812 2.286085 256
-3.187500 0.117188 2.286085 256
-3.312500 0.500000 2.286085 256
-3.281250 0.242188 2.286085 256
-3.812500 0.976562 2.286085 256
-3.375000 0.398438 2.286085 256
-3.312500 0.484375 2.288785 256
-3.250000 0.156250 2.288785 256
-3.593750 0.750000 2.288785 256
-3.937500 0.992188 2.288785 256
-3.093750 0.031250 2.288785 256
-4.000000 1.000000 2.288785 256
-3.625000 0.867188 2.288785 256
-3.031250 0.203125 2.288785 256
-3.281250 0.578125 2.291685 256
-3.093750 0.156250 2.291685 256
-3.343750 0.695312 2.291685 256
-4.000000 1.000000 2.291685 256
-3.375000 0.539062 2.291685 256
-4.000000 1.000000 2.291685 256
-3.531250 0.812500 2.291685 256
-3.312500 0.492188 2.291685 256
-3.187500 0.382812 2.294785 256
-4.000000 1.000000 2.294785 256
-3.468750 0.648438 2.294785 256
-3.468750 0.562500 2.294785 256
-3.156250 0.328125 2.294785 256
-3.281250 0.554688 2.294785 256
-3.281250 0.429688 2.294785 256
-3.375000 0.335938 2.294785 256
-4.000000 1.000000 2.298085 256
-3.218750 0.367188 2.298085 256
-3.250000 0.515625 2.298085 256
-3.375000 0.054688 2.298085 256
-3.343750 0.382812 2.298085 256
-4.000000 1.000000 2.298085 256
-3.531250 0.750000 2.298085 256
-3.937500 0.992188 2.298085 256
-3.312500 0.023438 2.301585 256
-3.593750 0.882812 2.301585 256
-3.062500 0.218750 2.301585 256
-4.000000 1.000000 2.301585 256
-3.687500 0.851562 2.301585 256
-3.312500 0.375000 2.301585 256
-3.625000 0.851562 2.301585 256
-3.187500 0.289062 2.301585 256
-3.375000 0.242188 2.305285 256
-3.125000 0.304688 2.305285 256
-3.531250 0.867188 2.305285 256
-3.218750 0.265625 2.305285 256
-3.218750 0.460938 2.305285 256
-3.593750 0.773438 2.305285 256
-4.000000 1.000000 2.305285 256
-4.000000 1.000000 2.305285 256
-3.500000 0.625000 2.309185 256
-3.937500 0.992188 2.309185 256
-3.156250 0.250000 2.309185 256
-3.093750 0.265625 2.309185 256
-4.000000 1.000000 2.309185 256
-3.281250 0.117188 2.309185 256
-4.000000 1.000000 2.309185 256
-3.218750 0.445312 2.309185 256
-3.187500 0.273438 2.313285 256
-3.593750 0.757812 2.313285 256
-4.000000 1.000000 2.313285 256
-3.562500 0.835938 2.313285 256
-3.312500 0.562500 2.313285 256
-3.156250 0.398438 2.313285 256
-3.312500 0.507812 2.313285 256
-4.000000 1.000000 2.313285 256
-3.375000 0.539062 2.317585 256
-3.218750 0.046875 2.317585 256
-3.343750 0.562500 2.317585 256
-3.656250 0.851562 2.317585 256
-3.093750 0.164062 2.317585 256
-3.500000 0.734375 2.317585 256
-3.281250 0.046875 2.317585 256
-3.062500 0.429688 2.317585 256
-4.000000 1.000000 2.322085 256
-3.343750 0.437500 2.322085 256
-4.000000 1.000000 2.322085 256
-3.781250 0.937500 2.322085 256
-4.000000 1.000000 2.322085 256
-3.218750 0.023438 2.322085 256
-3.281250 0.023438 2.322085 256
-3.343750 0.429688 2.322085 256
-3.281250 0.203125 2.326785 256
-3.781250 0.968750 2.326785 256
-3.312500 0.515625 2.326785 256
-4.000000 1.000000 2.326785 256
-3.468750 0.695312 2.326785 256
-3.125000 0.468750 2.326785 256
-3.343750 0.039062 2.326785 256
-3.031250 0.164062 2.326785 256
-3.281250 0.492188 2.331685 256
-3.406250 0.773438 2.331685 256
-3.687500 0.875000 2.331685 256
-3.375000 0.429688 2.331685 256
-3.562500 0.812500 2.331685 256
-4.000000 1.000000 2.331685 256
-3.125000 0.242188 2.331685 256
-4.000000 1.000000 2.331685 256
-3.250000 0.445312 2.336785 256
-3.531250 0.859375 2.336785 256
-3.593750 0.765625 2.336785 256
-4.000000 1.000000 2.336785 256
-3.218750 0.195312 2.336785 256
-3.812500 0.960938 2.336785 256
-3.156250 0.132812 2.336785 256
-3.187500 0.351562 2.336785 256
-3.062500 0.179688 2.342085 256
-4.000000 1.000000 2.342085 256
-4.000000 1.000000 2.342085 256
-3.437500 0.031250 2.342085 256
-3.500000 0.640625 2.342085 256
-3.375000 0.671875 2.342085 256
-3.312500 0.625000 2.342085 256
-3.656250 0.820312 2.342085 256
-3.281250 0.375000 2.347585 256
-3.343750 0.429688 2.347585 256
-3.250000 0.468750 2.347585 256
-3.812500 0.968750 2.347585 256
-4.000000 1.000000 2.347585 256
-3.218750 0.007812 2.347585 256
-3.687500 0.851562 2.347585 256
-3.375000 0.164062 2.347585 256
-3.593750 0.812500 2.353285 256
-3.031250 0.015625 2.353285 256
-3.937500 0.992188 2.353285 256
-3.937500 0.992188 2.353285 256
-3.937500 0.992188 2.353285 256
-3.406250 0.593750 2.353285 256
-4.000000 1.000000 2.353285 256
-3.406250 0.570312 2.353285 256
-3.281250 0.414062 2.359185 256
-3.531250 0.820312 2.359185 256
-3.937500 0.992188 2.359185 256
-4.000000 1.000000 2.359185 256
-3.343750 0.625000 2.359185 256
-3.250000 0.546875 2.359185 256
-3.750000 0.953125 2.359185 256
-4.000000 1.000000 2.359185 256
-3.218750 0.117188 2.365285 256
-3.218750 0.007812 2.365285 256
-4.000000 1.000000 2.365285 256
-4.000000 1.000000 2.365285 256
-3.281250 0.070312 2.365285 256
-3.468750 0.695312 2.365285 256
-3.562500 0.835938 2.365285 256
-4.000000 1.000000 2.365285 256
-3.156250 0.195312 2.371585 256
-3.437500 0.609375 2.371585 256
-3.656250 0.921875 2.371585 256
-3.250000 0.234375 2.371585 256
-3.312500 0.531250 2.371585 256
-4.000000 1.000000 2.371585 256
-3.312500 0.234375 2.371585 256
-4.000000 1.000000 2.371585 256
-3.281250 0.492188 2.378085 256
-3.281250 0.039062 2.378085 256
-3.312500 0.710938 2.378085 256
-4.000000 1.000000 2.378085 256
-3.187500 0.250000 2.378085 256
-3.937500 0.992188 2.378085 256
-3.312500 0.054688 2.378085 256
-4.000000 1.000000 2.378085 256
-3.593750 0.734375 2.384785 256
-3.625000 0.890625 2.384785 256
-3.375000 0.023438 2.384785 256
-3.500000 0.640625 2.384785 256
-3.562500 0.796875 2.384785 256
-3.437500 0.726562 2.384785 256
-3.312500 0.453125 2.384785 256
-3.281250 0.531250 2.384785 256
-3.187500 0.335938 2.391685 256
-3.437500 0.734375 2.391685 256
-3.406250 0.523438 2.391685 256
-3.281250 0.500000 2.391685 256
-4.000000 1.000000 2.391685 256
-3.281250 0.406250 2.391685 256
-3.312500 0.687500 2.391685 256
-3.250000 0.078125 2.391685 256
-3.812500 0.968750 2.398785 256
-3.156250 0.125000 2.398785 256
-3.125000 0.218750 2.398785 256
-3.187500 0.273438 2.398785 256
-3.218750 0.335938 2.398785 256
-3.125000 0.289062 2.398785 256
-3.281250 0.015625 2.398785 256
-3.218750 0.359375 2.398785 256
-3.218750 0.406250 2.406085 256
-3.218750 0.062500 2.406085 256
-4.000000 1.000000 2.406085 256
-3.187500 0.070312 2.406085 256
-3.625000 0.890625 2.406085 256
-3.343750 0.312500 2.406085 256
-3.312500 0.609375 2.406085 256
-4.000000 1.000000 2.406085 256
-3.656250 0.875000 2.413585 256
-3.281250 0.429688 2.413585 256
-3.781250 0.929688 2.413585 256
-2.937500 0.062500 2.413585 256
-3.250000 0.304688 2.413585 256
-3.093750 0.273438 2.413585 256
-3.250000 0.117188 2.413585 256
-4.000000 1.000000 2.413585 256
-3.281250 0.203125 2.421285 256
-3.250000 0.359375 2.421285 256
-3.125000 0.281250 2.421285 256
-3.375000 0.117188 2.421285 256
-3.312500 0.546875 2.421285 256
-4.000000 1.000000 2.421285 256
-3.281250 0.515625 2.421285 256
-3.218750 0.023438 2.421285 256
-3.406250 0.648438 2.429185 256
-3.156250 0.101562 2.429185 256
-3.593750 0.875000 2.429185 256
-4.000000 1.000000 2.429185 256
-4.000000 1.000000 2.429185 256
-3.562500 0.765625 2.429185 256
-3.906250 0.984375 2.429185 256
-3.312500 0.445312 2.429185 256
-3.187500 0.210938 2.437285 256
-3.031250 0.062500 2.437285 256
-3.531250 0.875000 2.437285 256
-3.937500 0.992188 2.437285 256
-3.500000 0.640625 2.437285 256
-3.468750 0.773438 2.437285 256
-3.218750 0.031250 2.437285 256
-3.531250 0.789062 2.437285 256
-3.281250 0.437500 2.445585 256
-3.343750 0.500000 2.445585 256
-3.843750 0.976562 2.445585 256
-3.937500 0.992188 2.445585 256
-3.312500 0.578125 2.445585 256
-3.250000 0.453125 2.445585 256
-3.562500 0.781250 2.445585 256
-3.062500 0.070312 2.445585 256
-3.125000 0.109375 2.454085 256
-3.656250 0.828125 2.454085 256
-3.718750 0.890625 2.454085 256
-3.812500 0.968750 2.454085 256
-3.406250 0.015625 2.454085 256
-3.218750 0.031250 2.454085 256
-3.656250 0.851562 2.454085 256
-4.000000 1.000000 2.454085 256
-3.843750 0.976562 2.462785 256
-3.343750 0.656250 2.462785 256
-4.000000 1.000000 2.462785 256
-3.312500 0.296875 2.462785 256
-3.187500 0.070312 2.462785 256
-3.343750 0.476562 2.462785 256
-3.437500 0.765625 2.462785 256
-4.000000 1.000000 2.462785 256
-3.250000 0.359375 2.471685 256
-3.343750 0.554688 2.471685 256
-3.218750 0.296875 2.471685 256
-3.125000 0.257812 2.471685 256
-3.312500 0.078125 2.471685 256
-3.750000 0.929688 2.471685 256
-3.468750 0.679688 2.471685 256
-3.312500 0.203125 2.471685 256
-3.625000 0.843750 2.480785 256
-3.343750 0.421875 2.480785 256
-4.000000 1.000000 2.480785 256
-4.000000 1.000000 2.480785 256
-4.000000 1.000000 2.480785 256
-3.343750 0.242188 2.480785 256
-3.312500 0.523438 2.480785 256
-4.000000 1.000000 2.480785 256
-3.156250 0.625000 2.490085 256
-3.156250 0.390625 2.490085 256
-3.156250 0.062500 2.490085 256
-3.937500 0.992188 2.490085 256
-3.156250 0.281250 2.490085 256
-3.031250 0.031250 2.490085 256
-3.156250 0.414062 2.490085 256
-3.500000 0.671875 2.490085 256
-2.843750 0.023438 2.499585 256
-3.187500 0.312500 2.499585 256
-3.500000 0.750000 2.499585 256
-3.281250 0.562500 2.499585 256
-3.468750 0.789062 2.499585 256
-3.312500 0.648438 2.499585 256
-3.375000 0.437500 2.499585 256
-3.937500 0.992188 2.499585 256
-3.156250 0.101562 2.509285 256
-3.375000 0.578125 2.509285 256
-3.031250 0.046875 2.509285 256
-3.187500 0.054688 2.509285 256
-3.656250 0.812500 2.509285 256
-3.343750 0.476562 2.509285 256
-3.156250 0.093750 2.509285 256
-4.000000 1.000000 2.509285 256
-3.343750 0.195312 2.519185 256
-2.906250 0.164062 2.519185 256
-3.375000 0.468750 2.519185 256
-3.875000 0.984375 2.519185 256
-3.156250 0.250000 2.519185 256
-3.437500 0.656250 2.519185 256
-4.000000 1.000000 2.519185 256
-3.500000 0.789062 2.519185 256
-3.187500 0.273438 2.529285 256
-3.093750 0.453125 2.529285 256
-3.250000 0.320312 2.529285 256
-3.437500 0.578125 2.529285 256
-3.062500 0.210938 2.529285 256
-3.375000 0.625000 2.529285 256
-4.000000 1.000000 2.529285 256
-3.281250 0.421875 2.529285 256
-3.937500 0.992188 2.539585 256
-3.187500 0.085938 2.539585 256
-3.937500 0.992188 2.539585 256
-3.437500 0.132812 2.539585 256
-3.562500 0.828125 2.539585 256
-3.875000 0.984375 2.539585 256
-3.218750 0.289062 2.539585 256
-4.000000 1.000000 2.539585 256
-3.187500 0.015625 2.550085 256
-4.000000 1.000000 2.550085 256
-3.250000 0.312500 2.550085 256
-3.625000 0.828125 2.550085 256
-4.000000 1.000000 2.550085 256
-3.406250 0.710938 2.550085 256
-3.343750 0.031250 2.550085 256
-3.937500 0.992188 2.550085 256
-2.937500 0.156250 2.560785 256
-3.281250 0.156250 2.560785 256
-4.000000 1.000000 2.560785 256
-3.281250 0.312500 2.560785 256
-3.437500 0.687500 2.560785 256
-3.093750 0.312500 2.560785 256
-3.125000 0.156250 2.560785 256
-3.125000 0.015625 2.560785 256
-3.531250 0.796875 2.571685 256
-3.375000 0.601562 2.571685 256
-3.625000 0.820312 2.571685 256
-4.000000 1.000000 2.571685 256
-3.312500 0.515625 2.571685 256
-3.187500 0.062500 2.571685 256
-3.468750 0.609375 2.571685 256
-3.281250 0.585938 2.571685 256
-3.125000 0.054688 2.582785 256
-4.000000 1.000000 2.582785 256
-3.937500 0.992188 2.582785 256
-3.625000 0.898438 2.582785 256
-3.375000 0.585938 2.582785 256
-3.312500 0.156250 2.582785 256
-3.250000 0.109375 2.582785 256
-3.312500 0.523438 2.582785 256
-3.687500 0.843750 2.594085 256
-3.281250 0.132812 2.594085 256
-4.000000 1.000000 2.594085 256
-3.656250 0.851562 2.594085 256
-3.281250 0.773438 2.594085 256
-4.000000 1.000000 2.594085 256
-3.906250 0.984375 2.594085 256
-3.218750 0.117188 2.594085 256
-3.281250 0.453125 2.605585 256
-3.281250 0.343750 2.605585 256
-3.375000 0.718750 2.605585 256
-3.218750 0.164062 2.605585 256
-3.093750 0.273438 2.605585 256
-3.156250 0.640625 2.605585 256
-3.062500 0.289062 2.605585 256
-3.187500 0.507812 2.605585 256
-3.500000 0.687500 2.617285 256
-3.875000 0.984375 2.617285 256
-3.937500 0.992188 2.617285 256
-3.937500 0.992188 2.617285 256
-4.000000 1.000000 2.617285 256
-3.781250 0.953125 2.617285 256
-2.875000 0.312500 2.617285 256
-3.593750 0.875000 2.617285 256
-3.312500 0.492188 2.629185 256
-3.406250 0.617188 2.629185 256
-3.656250 0.921875 2.629185 256
-3.343750 0.593750 2.629185 256
-3.156250 0.171875 2.629185 256
-3.468750 0.828125 2.629185 256
-3.156250 0.375000 2.629185 256
-3.250000 0.242188 2.629185 256
-3.250000 0.453125 2.641285 256
-3.000000 0.078125 2.641285 256
-3.937500 0.992188 2.641285 256
-3.937500 0.992188 2.641285 256
-3.281250 0.445312 2.641285 256
-3.156250 0.343750 2.641285 256
-3.093750 0.007812 2.641285 256
-3.093750 0.367188 2.641285 256
-3.250000 0.031250 2.653585 256
-3.062500 0.507812 2.653585 256
-3.156250 0.164062 2.653585 256
-3.000000 0.289062 2.653585 256
-3.281250 0.617188 2.653585 256
-3.500000 0.757812 2.653585 256
-3.625000 0.929688 2.653585 256
-3.281250 0.015625 2.653585 256
-3.312500 0.460938 2.666085 256
-3.156250 0.031250 2.666085 256
-3.812500 0.968750 2.666085 256
-3.531250 0.781250 2.666085 256
-3.281250 0.554688 2.666085 256
-3.125000 0.335938 2.666085 256
-3.062500 0.421875 2.666085 256
-3.531250 0.789062 2.666085 256
-3.125000 0.437500 2.678785 256
-3.437500 0.570312 2.678785 256
-3.437500 0.843750 2.678785 256
-4.000000 1.000000 2.678785 256
-3.281250 0.414062 2.678785 256
-3.218750 0.507812 2.678785 256
-3.375000 0.468750 2.678785 256
-3.562500 0.789062 2.678785 256
-3.375000 0.632812 2.691685 256
-3.093750 0.218750 2.691685 256
-3.125000 0.101562 2.691685 256
-3.375000 0.562500 2.691685 256
-4.000000 1.000000 2.691685 256
-3.687500 0.921875 2.691685 256
-3.562500 0.820312 2.691685 256
-3.656250 0.820312 2.691685 256
-3.125000 0.234375 2.704785 256
-3.093750 0.210938 2.704785 256
-3.000000 0.187500 2.704785 256
-3.156250 0.578125 2.704785 256
-3.281250 0.039062 2.704785 256
-3.093750 0.484375 2.704785 256
-3.906250 0.984375 2.704785 256
-3.781250 0.960938 2.704785 256
-3.250000 0.312500 2.718085 256
-3.187500 0.398438 2.718085 256
-3.156250 0.289062 2.718085 256
-4.000000 1.000000 2.718085 256
-4.000000 1.000000 2.718085 256
-3.156250 0.382812 2.718085 256
-2.843750 0.156250 2.718085 256
-3.937500 0.992188 2.718085 256
-3.187500 0.296875 2.731585 256
-3.187500 0.140625 2.731585 256
-3.125000 0.281250 2.731585 256
-3.156250 0.414062 2.731585 256
-3.000000 0.164062 2.731585 256
-3.937500 0.992188 2.731585 256
-3.156250 0.296875 2.731585 256
-4.000000 1.000000 2.731585 256
-3.937500 0.992188 2.745285 256
-3.218750 0.382812 2.745285 256
-3.312500 0.070312 2.745285 256
-3.187500 0.000000 2.745285 256
-3.468750 0.742188 2.745285 256
-3.093750 0.007812 2.745285 256
-4.000000 1.000000 2.745285 256
-3.281250 0.429688 2.745285 256
-3.437500 0.671875 2.759185 256
-3.250000 0.093750 2.759185 256
-3.093750 0.000000 2.759185 256
-3.500000 0.664062 2.759185 256
-3.218750 0.226562 2.759185 256
-3.687500 0.898438 2.759185 256
-3.281250 0.328125 2.759185 256
-3.281250 0.453125 2.759185 256
-3.625000 0.867188 2.773285 256
-3.218750 0.500000 2.773285 256
-3.531250 0.695312 2.773285 256
-3.562500 0.812500 2.773285 256
-3.593750 0.914062 2.773285 256
-3.281250 0.375000 2.773285 256
-3.312500 0.539062 2.773285 256
-3.937500 0.992188 2.773285 256
-3.187500 0.687500 2.787585 256
-3.281250 0.210938 2.787585 256
-3.281250 0.601562 2.787585 256
-4.000000 1.000000 2.787585 256
-3.781250 0.937500 2.787585 256
-3.187500 0.515625 2.787585 256
-3.375000 0.601562 2.787585 256
-4.000000 1.000000 2.787585 256
-3.218750 0.375000 2.802085 256
-3.156250 0.562500 2.802085 256
-3.125000 0.335938 2.802085 256
-3.937500 0.992188 2.802085 256
-3.187500 0.257812 2.802085 256
-2.968750 0.226562 2.802085 256
-3.062500 0.031250 2.802085 256
-3.375000 0.664062 2.802085 256
-3.843750 0.976562 2.816785 256
-3.406250 0.625000 2.816785 256
-3.875000 0.984375 2.816785 256
-3.218750 0.609375 2.816785 256
-3.187500 0.453125 2.816785 256
-3.875000 0.984375 2.816785 256
-4.000000 1.000000 2.816785 256
-3.187500 0.085938 2.816785 256
-3.062500 0.039062 2.831685 256
-3.187500 0.578125 2.831685 256
-4.000000 1.000000 2.831685 256
-3.875000 0.984375 2.831685 256
-3.781250 0.968750 2.831685 256
-3.000000 0.195312 2.831685 256
-3.031250 0.281250 2.831685 256
-3.187500 0.515625 2.831685 256
-3.218750 0.554688 2.846785 256
-3.093750 0.187500 2.846785 256
-3.343750 0.523438 2.846785 256
-3.937500 0.992188 2.846785 256
-3.218750 0.375000 2.846785 256
-3.406250 0.546875 2.846785 256
-4.000000 1.000000 2.846785 256
-3.781250 0.968750 2.846785 256
-3.343750 0.648438 2.862085 256
-3.093750 0.054688 2.862085 256
-3.656250 0.875000 2.862085 256
-3.218750 0.445312 2.862085 256
-3.875000 0.984375 2.862085 256
-3.437500 0.750000 2.862085 256
-3.812500 0.968750 2.862085 256
-3.093750 0.281250 2.862085 256
-3.187500 0.046875 2.877585 256
-3.093750 0.101562 2.877585 256
-3.187500 0.359375 2.877585 256
-3.218750 0.296875 2.877585 256
-3.156250 0.023438 2.877585 256
-3.312500 0.546875 2.877585 256
-3.125000 0.054688 2.877585 256
-3.562500 0.898438 2.877585 256
-3.312500 0.539062 2.893285 256
-3.312500 0.515625 2.893285 256
-3.875000 0.984375 2.893285 256
-3.937500 0.992188 2.893285 256
-2.937500 0.195312 2.893285 256
-3.187500 0.750000 2.893285 256
-4.000000 1.000000 2.893285 256
-3.062500 0.375000 2.893285 256
-2.937500 0.250000 2.909185 256
-3.218750 0.023438 2.909185 256
-3.750000 0.968750 2.909185 256
-3.625000 0.875000 2.909185 256
-3.593750 0.835938 2.909185 256
-3.187500 0.007812 2.909185 256
-3.593750 0.804688 2.909185 256
-3.406250 0.703125 2.909185 256
-3.156250 0.382812 2.925285 256
-3.750000 0.890625 2.925285 256
-3.250000 0.585938 2.925285 256
-3.031250 0.281250 2.925285 256
-4.000000 1.000000 2.925285 256
-3.281250 0.531250 2.925285 256
-2.968750 0.296875 2.925285 256
-3.093750 0.289062 2.925285 256
-2.968750 0.179688 2.941585 256
-3.375000 0.632812 2.941585 256
-3.562500 0.773438 2.941585 256
-3.875000 0.984375 2.941585 256
-3.093750 0.437500 2.941585 256
-3.343750 0.546875 2.941585 256
-3.031250 0.406250 2.941585 256
-3.937500 0.992188 2.941585 256
-3.875000 0.984375 2.958085 256
-3.031250 0.203125 2.958085 256
-4.000000 1.000000 2.958085 256
-3.312500 0.703125 2.958085 256
-2.812500 0.171875 2.958085 256
-3.187500 0.789062 2.958085 256
-2.781250 0.242188 2.958085 256
-4.000000 1.000000 2.958085 256
-3.312500 0.492188 2.974785 256
-3.500000 0.789062 2.974785 256
-3.562500 0.835938 2.974785 256
-3.218750 0.437500 2.974785 256
-3.312500 0.562500 2.974785 256
-3.375000 0.765625 2.974785 256
-3.218750 0.585938 2.974785 256
-3.875000 0.984375 2.974785 256
-3.031250 0.203125 2.991685 256
-3.625000 0.914062 2.991685 256
-3.093750 0.140625 2.991685 256
-3.437500 0.656250 2.991685 256
-4.000000 1.000000 2.991685 256
-3.750000 0.960938 2.991685 256
-4.000000 1.000000 2.991685 256
-3.312500 0.515625 2.991685 256
-3.375000 0.851562 3.008785 256
-3.375000 0.515625 3.008785 256
-3.875000 0.984375 3.008785 256
-3.375000 0.640625 3.008785 256
-3.062500 0.031250 3.008785 256
-3.125000 0.343750 3.008785 256
-2.968750 0.093750 3.008785 256
-3.937500 0.992188 3.008785 256
-3.125000 0.414062 3.026085 256
-3.125000 0.265625 3.026085 256
-3.062500 0.320312 3.026085 256
-3.187500 0.039062 3.026085 256
-3.031250 0.046875 3.026085 256
-3.156250 0.054688 3.026085 256
-3.250000 0.640625 3.026085 256
-3.093750 0.328125 3.026085 256
-3.250000 0.539062 3.043585 256
-3.812500 0.976562 3.043585 256
-3.937500 0.992188 3.043585 256
-3.125000 0.148438 3.043585 256
-3.000000 0.281250 3.043585 256
-3.250000 0.476562 3.043585 256
-3.562500 0.828125 3.043585 256
-3.718750 0.945312 3.043585 256
-2.843750 0.531250 3.061285 256
-3.468750 0.890625 3.061285 256
-3.937500 0.992188 3.061285 256
-3.062500 0.117188 3.061285 256
-3.156250 0.429688 3.061285 256
-3.156250 0.218750 3.061285 256
-3.000000 0.265625 3.061285 256
-3.875000 0.984375 3.061285 256
-3.937500 0.992188 3.079185 256
-3.250000 0.578125 3.079185 256
-2.875000 0.203125 3.079185 256
-3.875000 0.984375 3.079185 256
-3.093750 0.406250 3.079185 256
-3.218750 0.046875 3.079185 256
-3.562500 0.859375 3.079185 256
-3.718750 0.960938 3.079185 256
-3.406250 0.781250 3.097285 256
-3.093750 0.250000 3.097285 256
-3.281250 0.648438 3.097285 256
-4.000000 1.000000 3.097285 256
-3.000000 0.382812 3.097285 256
-2.843750 0.187500 3.097285 256
-3.031250 0.437500 3.097285 256
-2.937500 0.156250 3.097285 256
-3.125000 0.281250 3.115585 256
-3.625000 0.937500 3.115585 256
-3.062500 0.507812 3.115585 256
-3.031250 0.273438 3.115585 256
-3.187500 0.312500 3.115585 256
-2.906250 0.437500 3.115585 256
-3.093750 0.492188 3.115585 256
-3.937500 0.992188 3.115585 256
-2.968750 0.000000 3.134085 256
-3.687500 0.914062 3.134085 256
-3.500000 0.757812 3.134085 256
-3.937500 0.992188 3.134085 256
-3.531250 0.851562 3.134085 256
-3.437500 0.609375 3.134085 256
-2.812500 0.218750 3.134085 256
-3.875000 0.984375 3.134085 256
-3.093750 0.546875 3.152785 256
-3.156250 0.484375 3.152785 256
-3.406250 0.742188 3.152785 256
-3.062500 0.234375 3.152785 256
-3.906250 0.984375 3.152785 256
-2.843750 0.085938 3.152785 256
-3.000000 0.164062 3.152785 256
-3.937500 0.992188 3.152785 256
-3.125000 0.093750 3.171685 256
-2.812500 0.085938 3.171685 256
-3.437500 0.859375 3.171685 256
-3.812500 0.968750 3.171685 256
-3.125000 0.500000 3.171685 256
-3.093750 0.414062 3.171685 256
-3.843750 0.976562 3.171685 256
-3.937500 0.992188 3.171685 256
-3.250000 0.125000 3.190785 256
-3.843750 0.976562 3.190785 256
-3.218750 0.468750 3.190785 256
-3.031250 0.343750 3.190785 256
-3.062500 0.218750 3.190785 256
-2.937500 0.179688 3.190785 256
-3.937500 0.992188 3.190785 256
-3.031250 0.015625 3.190785 256
-3.156250 0.492188 3.210085 256
-3.093750 0.203125 3.210085 256
-3.218750 0.312500 3.210085 256
-3.812500 0.976562 3.210085 256
-3.937500 0.992188 3.210085 256
-3.250000 0.609375 3.210085 256
-2.843750 0.007812 3.210085 256
-3.750000 0.960938 3.210085 256
-2.937500 0.273438 3.229585 256
-3.281250 0.593750 3.229585 256
-3.031250 0.500000 3.229585 256
-3.687500 0.960938 3.229585 256
-3.093750 0.101562 3.229585 256
-3.062500 0.093750 3.229585 256
-3.343750 0.804688 3.229585 256
-3.312500 0.710938 3.229585 256
-3.125000 0.718750 3.249285 256
-3.218750 0.593750 3.249285 256
-3.062500 0.312500 3.249285 256
-3.843750 0.968750 3.249285 256
-3.000000 0.500000 3.249285 256
-3.125000 0.125000 3.249285 256
-3.531250 0.929688 3.249285 256
-3.000000 0.539062 3.249285 256
