-3.515625 0.154297 1.269185 1024
-3.437500 0.126953 1.269185 1024
-3.718750 0.724609 1.269185 1024
-3.617188 0.460938 1.269185 1024
-3.640625 0.644531 1.269185 1024
-3.539062 0.029297 1.269185 1024
-3.585938 0.330078 1.269185 1024
-3.625000 0.595703 1.269185 1024
-3.429688 0.060547 1.289085 1024
-3.617188 0.060547 1.289085 1024
-3.671875 0.369141 1.289085 1024
-3.554688 0.166016 1.289085 1024
-3.351562 0.175781 1.289085 1024
-3.445312 0.222656 1.289085 1024
-3.515625 0.248047 1.289085 1024
-3.429688 0.052734 1.289085 1024
-3.460938 0.070312 1.308785 1024
-3.453125 0.111328 1.308785 1024
-3.507812 0.345703 1.308785 1024
-3.554688 0.400391 1.308785 1024
-3.476562 0.248047 1.308785 1024
-3.578125 0.287109 1.308785 1024
-3.664062 0.511719 1.308785 1024
-3.468750 0.486328 1.308785 1024
-3.585938 0.339844 1.328285 1024
-3.359375 0.060547 1.328285 1024
-3.601562 0.253906 1.328285 1024
-3.562500 0.117188 1.328285 1024
-3.523438 0.341797 1.328285 1024
-3.500000 0.167969 1.328285 1024
-3.398438 0.333984 1.328285 1024
-3.492188 0.031250 1.328285 1024
-3.648438 0.156250 1.347585 1024
-3.484375 0.011719 1.347585 1024
-3.500000 0.085938 1.347585 1024
-3.601562 0.419922 1.347585 1024
-3.445312 0.091797 1.347585 1024
-3.437500 0.287109 1.347585 1024
-3.476562 0.302734 1.347585 1024
-3.515625 0.382812 1.347585 1024
-3.585938 0.013672 1.366685 1024
-3.601562 0.316406 1.366685 1024
-3.531250 0.281250 1.366685 1024
-3.609375 0.457031 1.366685 1024
-3.546875 0.398438 1.366685 1024
-3.585938 0.613281 1.366685 1024
-3.515625 0.078125 1.366685 1024
-3.453125 0.216797 1.366685 1024
-3.554688 0.134766 1.385585 1024
-3.554688 0.343750 1.385585 1024
-3.617188 0.335938 1.385585 1024
-3.515625 0.160156 1.385585 1024
-3.609375 0.298828 1.385585 1024
-3.460938 0.097656 1.385585 1024
-3.476562 0.433594 1.385585 1024
-3.609375 0.236328 1.385585 1024
-3.515625 0.326172 1.404285 1024
-3.398438 0.056641 1.404285 1024
-3.546875 0.218750 1.404285 1024
-3.546875 0.419922 1.404285 1024
-3.539062 0.164062 1.404285 1024
-3.320312 0.113281 1.404285 1024
-3.460938 0.294922 1.404285 1024
-3.531250 0.052734 1.404285 1024
-3.359375 0.423828 1.422785 1024
-3.390625 0.250000 1.422785 1024
-3.453125 0.056641 1.422785 1024
-3.531250 0.292969 1.422785 1024
-3.625000 0.097656 1.422785 1024
-3.546875 0.031250 1.422785 1024
-3.617188 0.556641 1.422785 1024
-3.554688 0.283203 1.422785 1024
-3.562500 0.177734 1.441085 1024
-3.406250 0.152344 1.441085 1024
-3.531250 0.218750 1.441085 1024
-3.914062 0.957031 1.441085 1024
-3.507812 0.027344 1.441085 1024
-3.765625 0.767578 1.441085 1024
-3.531250 0.281250 1.441085 1024
-3.695312 0.351562 1.441085 1024
-3.578125 0.296875 1.459185 1024
-3.359375 0.021484 1.459185 1024
-3.437500 0.177734 1.459185 1024
-3.328125 0.144531 1.459185 1024
-3.843750 0.917969 1.459185 1024
-3.531250 0.097656 1.459185 1024
-3.546875 0.154297 1.459185 1024
-3.625000 0.552734 1.459185 1024
-3.375000 0.085938 1.477085 1024
-3.531250 0.064453 1.477085 1024
-3.546875 0.226562 1.477085 1024
-3.539062 0.330078 1.477085 1024
-3.390625 0.193359 1.477085 1024
-3.468750 0.294922 1.477085 1024
-3.539062 0.378906 1.477085 1024
-3.890625 0.919922 1.477085 1024
-3.484375 0.101562 1.494785 1024
-3.453125 0.376953 1.494785 1024
-3.406250 0.082031 1.494785 1024
-3.593750 0.068359 1.494785 1024
-3.539062 0.421875 1.494785 1024
-3.406250 0.169922 1.494785 1024
-3.625000 0.164062 1.494785 1024
-3.429688 0.156250 1.494785 1024
-3.609375 0.214844 1.512285 1024
-3.539062 0.408203 1.512285 1024
-3.414062 0.162109 1.512285 1024
-3.593750 0.500000 1.512285 1024
-3.539062 0.337891 1.512285 1024
-3.585938 0.378906 1.512285 1024
-3.609375 0.523438 1.512285 1024
-3.578125 0.087891 1.512285 1024
-3.632812 0.601562 1.529585 1024
-3.585938 0.214844 1.529585 1024
-3.593750 0.326172 1.529585 1024
-3.531250 0.205078 1.529585 1024
-3.570312 0.529297 1.529585 1024
-3.468750 0.187500 1.529585 1024
-3.539062 0.519531 1.529585 1024
-3.554688 0.318359 1.529585 1024
-3.531250 0.068359 1.546685 1024
-3.398438 0.103516 1.546685 1024
-3.492188 0.396484 1.546685 1024
-3.429688 0.183594 1.546685 1024
-3.476562 0.300781 1.546685 1024
-3.476562 0.412109 1.546685 1024
-3.851562 0.933594 1.546685 1024
-3.617188 0.337891 1.546685 1024
-3.515625 0.150391 1.563585 1024
-3.593750 0.289062 1.563585 1024
-3.453125 0.019531 1.563585 1024
-3.406250 0.146484 1.563585 1024
-3.601562 0.306641 1.563585 1024
-3.460938 0.496094 1.563585 1024
-3.640625 0.683594 1.563585 1024
-3.445312 0.412109 1.563585 1024
-3.554688 0.167969 1.580285 1024
-3.468750 0.058594 1.580285 1024
-3.429688 0.212891 1.580285 1024
-3.523438 0.255859 1.580285 1024
-3.382812 0.123047 1.580285 1024
-3.453125 0.072266 1.580285 1024
-3.664062 0.701172 1.580285 1024
-3.531250 0.201172 1.580285 1024
-3.507812 0.253906 1.596785 1024
-3.625000 0.134766 1.596785 1024
-3.593750 0.095703 1.596785 1024
-3.539062 0.126953 1.596785 1024
-3.492188 0.037109 1.596785 1024
-3.343750 0.503906 1.596785 1024
-3.609375 0.208984 1.596785 1024
-3.390625 0.251953 1.596785 1024
-3.281250 0.015625 1.613085 1024
-3.437500 0.089844 1.613085 1024
-3.492188 0.005859 1.613085 1024
-3.578125 0.273438 1.613085 1024
-3.507812 0.488281 1.613085 1024
-3.484375 0.212891 1.613085 1024
-3.484375 0.468750 1.613085 1024
-3.484375 0.232422 1.613085 1024
-3.414062 0.056641 1.629185 1024
-3.507812 0.386719 1.629185 1024
-3.351562 0.253906 1.629185 1024
-3.820312 0.839844 1.629185 1024
-3.437500 0.023438 1.629185 1024
-3.468750 0.126953 1.629185 1024
-3.476562 0.027344 1.629185 1024
-3.390625 0.179688 1.629185 1024
-3.523438 0.035156 1.645085 1024
-3.398438 0.066406 1.645085 1024
-3.531250 0.093750 1.645085 1024
-3.468750 0.152344 1.645085 1024
-3.539062 0.435547 1.645085 1024
-3.531250 0.310547 1.645085 1024
-3.593750 0.199219 1.645085 1024
-3.632812 0.314453 1.645085 1024
-3.468750 0.134766 1.660785 1024
-3.445312 0.105469 1.660785 1024
-3.382812 0.093750 1.660785 1024
-3.617188 0.421875 1.660785 1024
-3.414062 0.033203 1.660785 1024
-3.375000 0.083984 1.660785 1024
-3.460938 0.289062 1.660785 1024
-3.640625 0.023438 1.660785 1024
-3.710938 0.630859 1.676285 1024
-3.281250 0.175781 1.676285 1024
-3.546875 0.003906 1.676285 1024
-3.367188 0.072266 1.676285 1024
-3.851562 0.873047 1.676285 1024
-3.554688 0.402344 1.676285 1024
-3.625000 0.671875 1.676285 1024
-3.507812 0.400391 1.676285 1024
-3.492188 0.251953 1.691585 1024
-3.515625 0.412109 1.691585 1024
-3.578125 0.394531 1.691585 1024
-3.617188 0.376953 1.691585 1024
-3.429688 0.003906 1.691585 1024
-3.507812 0.126953 1.691585 1024
-3.476562 0.271484 1.691585 1024
-3.460938 0.035156 1.691585 1024
-3.398438 0.074219 1.706685 1024
-3.429688 0.101562 1.706685 1024
-3.484375 0.273438 1.706685 1024
-3.546875 0.039062 1.706685 1024
-3.453125 0.207031 1.706685 1024
-3.546875 0.541016 1.706685 1024
-3.515625 0.439453 1.706685 1024
-3.546875 0.498047 1.706685 1024
-3.437500 0.083984 1.721585 1024
-3.492188 0.189453 1.721585 1024
-3.359375 0.183594 1.721585 1024
-3.632812 0.525391 1.721585 1024
-3.640625 0.355469 1.721585 1024
-3.515625 0.248047 1.721585 1024
-3.492188 0.541016 1.721585 1024
-3.429688 0.291016 1.721585 1024
-3.437500 0.187500 1.736285 1024
-3.429688 0.298828 1.736285 1024
-3.414062 0.359375 1.736285 1024
-3.609375 0.302734 1.736285 1024
-3.296875 0.177734 1.736285 1024
-3.539062 0.232422 1.736285 1024
-3.492188 0.142578 1.736285 1024
-3.640625 0.625000 1.736285 1024
-3.562500 0.033203 1.750785 1024
-3.453125 0.257812 1.750785 1024
-3.585938 0.134766 1.750785 1024
-3.460938 0.054688 1.750785 1024
-3.476562 0.177734 1.750785 1024
-3.804688 0.791016 1.750785 1024
-3.867188 0.882812 1.750785 1024
-3.648438 0.347656 1.750785 1024
-3.375000 0.115234 1.765085 1024
-3.437500 0.228516 1.765085 1024
-3.421875 0.214844 1.765085 1024
-3.507812 0.164062 1.765085 1024
-3.640625 0.453125 1.765085 1024
-3.617188 0.074219 1.765085 1024
-3.328125 0.228516 1.765085 1024
-3.359375 0.115234 1.765085 1024
-3.515625 0.564453 1.779185 1024
-3.468750 0.179688 1.779185 1024
-3.468750 0.154297 1.779185 1024
-3.539062 0.164062 1.779185 1024
-3.609375 0.513672 1.779185 1024
-3.632812 0.244141 1.779185 1024
-3.375000 0.273438 1.779185 1024
-3.351562 0.351562 1.779185 1024
-3.351562 0.175781 1.793085 1024
-3.437500 0.091797 1.793085 1024
-3.453125 0.287109 1.793085 1024
-3.453125 0.185547 1.793085 1024
-3.750000 0.664062 1.793085 1024
-3.570312 0.548828 1.793085 1024
-3.484375 0.015625 1.793085 1024
-3.531250 0.583984 1.793085 1024
-3.382812 0.333984 1.806785 1024
-3.429688 0.041016 1.806785 1024
-3.453125 0.068359 1.806785 1024
-3.335938 0.332031 1.806785 1024
-3.453125 0.199219 1.806785 1024
-3.617188 0.353516 1.806785 1024
-3.507812 0.115234 1.806785 1024
-3.609375 0.390625 1.806785 1024
-3.468750 0.417969 1.820285 1024
-3.539062 0.191406 1.820285 1024
-4.000000 1.000000 1.820285 1024
-3.726562 0.824219 1.820285 1024
-3.554688 0.066406 1.820285 1024
-3.507812 0.185547 1.820285 1024
-3.578125 0.419922 1.820285 1024
-3.609375 0.433594 1.820285 1024
-3.460938 0.121094 1.833585 1024
-3.671875 0.560547 1.833585 1024
-3.382812 0.324219 1.833585 1024
-3.710938 0.646484 1.833585 1024
-3.656250 0.671875 1.833585 1024
-3.453125 0.066406 1.833585 1024
-3.593750 0.513672 1.833585 1024
-3.500000 0.054688 1.833585 1024
-3.617188 0.496094 1.846685 1024
-3.382812 0.003906 1.846685 1024
-3.585938 0.103516 1.846685 1024
-3.726562 0.568359 1.846685 1024
-3.531250 0.523438 1.846685 1024
-3.382812 0.337891 1.846685 1024
-3.390625 0.072266 1.846685 1024
-3.476562 0.470703 1.846685 1024
-3.273438 0.310547 1.859585 1024
-3.507812 0.158203 1.859585 1024
-3.468750 0.019531 1.859585 1024
-3.742188 0.833984 1.859585 1024
-3.460938 0.353516 1.859585 1024
-3.492188 0.267578 1.859585 1024
-3.625000 0.757812 1.859585 1024
-3.476562 0.279297 1.859585 1024
-3.437500 0.222656 1.872285 1024
-3.492188 0.257812 1.872285 1024
-3.492188 0.033203 1.872285 1024
-3.617188 0.269531 1.872285 1024
-3.390625 0.335938 1.872285 1024
-3.359375 0.128906 1.872285 1024
-3.460938 0.292969 1.872285 1024
-3.476562 0.056641 1.872285 1024
-3.476562 0.023438 1.884785 1024
-3.359375 0.154297 1.884785 1024
-3.515625 0.437500 1.884785 1024
-3.726562 0.652344 1.884785 1024
-3.460938 0.275391 1.884785 1024
-3.398438 0.175781 1.884785 1024
-3.632812 0.537109 1.884785 1024
-3.531250 0.513672 1.884785 1024
-3.437500 0.031250 1.897085 1024
-3.414062 0.332031 1.897085 1024
-3.554688 0.246094 1.897085 1024
-3.484375 0.177734 1.897085 1024
-3.367188 0.339844 1.897085 1024
-3.929688 0.964844 1.897085 1024
-3.625000 0.414062 1.897085 1024
-3.445312 0.097656 1.897085 1024
-3.593750 0.363281 1.909185 1024
-3.640625 0.447266 1.909185 1024
-3.453125 0.142578 1.909185 1024
-3.648438 0.490234 1.909185 1024
-3.445312 0.402344 1.909185 1024
-3.546875 0.443359 1.909185 1024
-3.437500 0.068359 1.909185 1024
-3.609375 0.058594 1.909185 1024
-3.593750 0.470703 1.921085 1024
-3.500000 0.134766 1.921085 1024
-3.546875 0.132812 1.921085 1024
-3.890625 0.929688 1.921085 1024
-3.539062 0.349609 1.921085 1024
-3.406250 0.306641 1.921085 1024
-3.437500 0.228516 1.921085 1024
-3.414062 0.031250 1.921085 1024
-3.398438 0.037109 1.932785 1024
-3.515625 0.468750 1.932785 1024
-3.484375 0.115234 1.932785 1024
-3.710938 0.794922 1.932785 1024
-3.476562 0.291016 1.932785 1024
-3.507812 0.263672 1.932785 1024
-3.648438 0.373047 1.932785 1024
-3.460938 0.443359 1.932785 1024
-3.703125 0.599609 1.944285 1024
-3.609375 0.695312 1.944285 1024
-3.406250 0.072266 1.944285 1024
-3.695312 0.650391 1.944285 1024
-3.664062 0.070312 1.944285 1024
-3.531250 0.222656 1.944285 1024
-3.492188 0.177734 1.944285 1024
-3.554688 0.677734 1.944285 1024
-3.609375 0.529297 1.955585 1024
-3.531250 0.386719 1.955585 1024
-3.593750 0.296875 1.955585 1024
-3.984375 0.998047 1.955585 1024
-3.351562 0.156250 1.955585 1024
-3.601562 0.128906 1.955585 1024
-3.593750 0.435547 1.955585 1024
-3.937500 0.976562 1.955585 1024
-3.562500 0.224609 1.966685 1024
-3.515625 0.259766 1.966685 1024
-3.367188 0.333984 1.966685 1024
-3.367188 0.054688 1.966685 1024
-3.367188 0.148438 1.966685 1024
-3.492188 0.138672 1.966685 1024
-3.398438 0.005859 1.966685 1024
-3.781250 0.751953 1.966685 1024
-3.664062 0.625000 1.977585 1024
-3.421875 0.382812 1.977585 1024
-3.515625 0.226562 1.977585 1024
-3.664062 0.710938 1.977585 1024
-3.195312 0.140625 1.977585 1024
-3.546875 0.605469 1.977585 1024
-3.648438 0.537109 1.977585 1024
-3.414062 0.373047 1.977585 1024
-3.343750 0.232422 1.988285 1024
-3.328125 0.097656 1.988285 1024
-3.390625 0.013672 1.988285 1024
-3.734375 0.792969 1.988285 1024
-3.328125 0.109375 1.988285 1024
-3.382812 0.398438 1.988285 1024
-3.601562 0.585938 1.988285 1024
-3.500000 0.167969 1.988285 1024
-3.375000 0.025391 1.998785 1024
-3.570312 0.382812 1.998785 1024
-3.453125 0.078125 1.998785 1024
-3.523438 0.261719 1.998785 1024
-3.539062 0.273438 1.998785 1024
-3.328125 0.041016 1.998785 1024
-3.398438 0.289062 1.998785 1024
-3.375000 0.273438 1.998785 1024
-3.421875 0.050781 2.009085 1024
-3.312500 0.123047 2.009085 1024
-3.382812 0.128906 2.009085 1024
-3.656250 0.535156 2.009085 1024
-3.476562 0.074219 2.009085 1024
-3.429688 0.169922 2.009085 1024
-3.625000 0.337891 2.009085 1024
-3.570312 0.519531 2.009085 1024
-3.757812 0.871094 2.019185 1024
-3.710938 0.669922 2.019185 1024
-3.484375 0.017578 2.019185 1024
-3.476562 0.126953 2.019185 1024
-3.476562 0.111328 2.019185 1024
-3.625000 0.751953 2.019185 1024
-3.531250 0.312500 2.019185 1024
-3.476562 0.080078 2.019185 1024
-3.414062 0.035156 2.029085 1024
-3.328125 0.005859 2.029085 1024
-3.335938 0.046875 2.029085 1024
-3.468750 0.132812 2.029085 1024
-3.414062 0.232422 2.029085 1024
-3.437500 0.144531 2.029085 1024
-3.757812 0.855469 2.029085 1024
-3.570312 0.373047 2.029085 1024
-3.437500 0.330078 2.038785 1024
-3.335938 0.218750 2.038785 1024
-3.492188 0.019531 2.038785 1024
-3.468750 0.226562 2.038785 1024
-3.609375 0.580078 2.038785 1024
-3.578125 0.496094 2.038785 1024
-3.460938 0.005859 2.038785 1024
-3.828125 0.869141 2.038785 1024
-3.335938 0.373047 2.048285 1024
-3.570312 0.109375 2.048285 1024
-3.453125 0.259766 2.048285 1024
-3.546875 0.341797 2.048285 1024
-3.531250 0.205078 2.048285 1024
-3.515625 0.365234 2.048285 1024
-3.382812 0.361328 2.048285 1024
-3.742188 0.822266 2.048285 1024
-3.562500 0.285156 2.057585 1024
-3.429688 0.416016 2.057585 1024
-3.312500 0.238281 2.057585 1024
-3.445312 0.082031 2.057585 1024
-3.390625 0.236328 2.057585 1024
-3.546875 0.275391 2.057585 1024
-3.664062 0.525391 2.057585 1024
-3.609375 0.701172 2.057585 1024
-3.414062 0.205078 2.066685 1024
-3.445312 0.017578 2.066685 1024
-3.484375 0.025391 2.066685 1024
-3.640625 0.496094 2.066685 1024
-3.257812 0.160156 2.066685 1024
-3.664062 0.000000 2.066685 1024
-3.523438 0.070312 2.066685 1024
-3.562500 0.472656 2.066685 1024
-3.507812 0.162109 2.075585 1024
-3.671875 0.607422 2.075585 1024
-3.625000 0.416016 2.075585 1024
-3.507812 0.476562 2.075585 1024
-3.484375 0.013672 2.075585 1024
-3.445312 0.167969 2.075585 1024
-3.398438 0.005859 2.075585 1024
-3.429688 0.136719 2.075585 1024
-3.445312 0.253906 2.084285 1024
-3.429688 0.230469 2.084285 1024
-3.375000 0.345703 2.084285 1024
-3.406250 0.279297 2.084285 1024
-3.562500 0.271484 2.084285 1024
-3.585938 0.300781 2.084285 1024
-3.398438 0.068359 2.084285 1024
-3.515625 0.027344 2.084285 1024
-3.523438 0.228516 2.092785 1024
-3.492188 0.208984 2.092785 1024
-3.460938 0.044922 2.092785 1024
-3.382812 0.191406 2.092785 1024
-3.507812 0.181641 2.092785 1024
-3.453125 0.429688 2.092785 1024
-3.546875 0.066406 2.092785 1024
-3.421875 0.328125 2.092785 1024
-3.289062 0.132812 2.101085 1024
-3.500000 0.529297 2.101085 1024
-3.359375 0.148438 2.101085 1024
-3.460938 0.009766 2.101085 1024
-3.546875 0.365234 2.101085 1024
-3.500000 0.283203 2.101085 1024
-3.375000 0.087891 2.101085 1024
-3.382812 0.347656 2.101085 1024
-3.437500 0.136719 2.109185 1024
-3.500000 0.425781 2.109185 1024
-3.570312 0.644531 2.109185 1024
-3.515625 0.240234 2.109185 1024
-3.554688 0.566406 2.109185 1024
-3.460938 0.060547 2.109185 1024
-3.609375 0.640625 2.109185 1024
-3.656250 0.707031 2.109185 1024
-3.429688 0.492188 2.117085 1024
-3.523438 0.359375 2.117085 1024
-3.382812 0.439453 2.117085 1024
-3.679688 0.603516 2.117085 1024
-3.429688 0.355469 2.117085 1024
-3.515625 0.357422 2.117085 1024
-3.539062 0.105469 2.117085 1024
-3.507812 0.255859 2.117085 1024
-3.328125 0.191406 2.124785 1024
-3.429688 0.015625 2.124785 1024
-3.445312 0.257812 2.124785 1024
-3.546875 0.462891 2.124785 1024
-3.335938 0.033203 2.124785 1024
-3.484375 0.125000 2.124785 1024
-3.648438 0.451172 2.124785 1024
-3.593750 0.517578 2.124785 1024
-3.531250 0.000000 2.132285 1024
-3.414062 0.107422 2.132285 1024
-3.406250 0.035156 2.132285 1024
-3.601562 0.318359 2.132285 1024
-3.468750 0.453125 2.132285 1024
-3.421875 0.126953 2.132285 1024
-3.507812 0.236328 2.132285 1024
-3.484375 0.416016 2.132285 1024
-3.398438 0.050781 2.139585 1024
-3.554688 0.130859 2.139585 1024
-3.453125 0.025391 2.139585 1024
-3.554688 0.578125 2.139585 1024
-3.554688 0.431641 2.139585 1024
-3.492188 0.257812 2.139585 1024
-3.570312 0.376953 2.139585 1024
-3.585938 0.310547 2.139585 1024
-3.335938 0.078125 2.146685 1024
-3.492188 0.537109 2.146685 1024
-3.179688 0.371094 2.146685 1024
-3.359375 0.148438 2.146685 1024
-3.265625 0.302734 2.146685 1024
-3.648438 0.019531 2.146685 1024
-3.406250 0.138672 2.146685 1024
-3.601562 0.070312 2.146685 1024
-3.273438 0.052734 2.153585 1024
-3.437500 0.058594 2.153585 1024
-3.625000 0.011719 2.153585 1024
-3.828125 0.875000 2.153585 1024
-3.507812 0.291016 2.153585 1024
-3.453125 0.156250 2.153585 1024
-3.367188 0.164062 2.153585 1024
-3.351562 0.119141 2.153585 1024
-3.328125 0.185547 2.160285 1024
-3.421875 0.041016 2.160285 1024
-3.734375 0.794922 2.160285 1024
-3.562500 0.667969 2.160285 1024
-3.398438 0.437500 2.160285 1024
-3.460938 0.060547 2.160285 1024
-3.460938 0.005859 2.160285 1024
-3.523438 0.408203 2.160285 1024
-3.218750 0.267578 2.166785 1024
-3.445312 0.251953 2.166785 1024
-3.421875 0.123047 2.166785 1024
-3.492188 0.091797 2.166785 1024
-3.445312 0.230469 2.166785 1024
-3.414062 0.191406 2.166785 1024
-3.593750 0.484375 2.166785 1024
-3.296875 0.082031 2.166785 1024
-3.351562 0.394531 2.173085 1024
-3.421875 0.214844 2.173085 1024
-3.265625 0.361328 2.173085 1024
-3.570312 0.404297 2.173085 1024
-3.390625 0.001953 2.173085 1024
-3.343750 0.218750 2.173085 1024
-3.515625 0.128906 2.173085 1024
-3.476562 0.287109 2.173085 1024
-3.507812 0.341797 2.179185 1024
-3.453125 0.054688 2.179185 1024
-3.539062 0.529297 2.179185 1024
-3.476562 0.001953 2.179185 1024
-3.531250 0.431641 2.179185 1024
-3.593750 0.279297 2.179185 1024
-3.367188 0.119141 2.179185 1024
-3.335938 0.273438 2.179185 1024
-3.351562 0.193359 2.185085 1024
-3.687500 0.621094 2.185085 1024
-3.312500 0.089844 2.185085 1024
-3.445312 0.101562 2.185085 1024
-3.570312 0.304688 2.185085 1024
-3.507812 0.455078 2.185085 1024
-3.671875 0.759766 2.185085 1024
-3.367188 0.150391 2.185085 1024
-3.507812 0.322266 2.190785 1024
-3.507812 0.361328 2.190785 1024
-3.632812 0.763672 2.190785 1024
-3.648438 0.458984 2.190785 1024
-3.335938 0.376953 2.190785 1024
-3.445312 0.125000 2.190785 1024
-3.460938 0.179688 2.190785 1024
-3.601562 0.578125 2.190785 1024
-3.539062 0.257812 2.196285 1024
-3.296875 0.113281 2.196285 1024
-3.359375 0.050781 2.196285 1024
-3.609375 0.539062 2.196285 1024
-3.343750 0.431641 2.196285 1024
-3.359375 0.287109 2.196285 1024
-3.453125 0.273438 2.196285 1024
-3.929688 0.980469 2.196285 1024
-3.257812 0.335938 2.201585 1024
-3.492188 0.044922 2.201585 1024
-3.601562 0.353516 2.201585 1024
-3.429688 0.462891 2.201585 1024
-3.367188 0.476562 2.201585 1024
-3.593750 0.367188 2.201585 1024
-3.429688 0.023438 2.201585 1024
-3.601562 0.437500 2.201585 1024
-3.453125 0.205078 2.206685 1024
-3.273438 0.062500 2.206685 1024
-3.492188 0.531250 2.206685 1024
-3.523438 0.318359 2.206685 1024
-3.398438 0.173828 2.206685 1024
-3.414062 0.441406 2.206685 1024
-3.406250 0.031250 2.206685 1024
-3.453125 0.076172 2.206685 1024
-3.546875 0.085938 2.211585 1024
-3.312500 0.050781 2.211585 1024
-3.390625 0.185547 2.211585 1024
-3.406250 0.234375 2.211585 1024
-3.703125 0.802734 2.211585 1024
-3.507812 0.425781 2.211585 1024
-3.515625 0.419922 2.211585 1024
-3.250000 0.015625 2.211585 1024
-3.476562 0.166016 2.216285 1024
-3.375000 0.193359 2.216285 1024
-3.476562 0.185547 2.216285 1024
-3.460938 0.150391 2.216285 1024
-3.445312 0.199219 2.216285 1024
-3.375000 0.109375 2.216285 1024
-3.320312 0.037109 2.216285 1024
-3.609375 0.263672 2.216285 1024
-3.429688 0.384766 2.220785 1024
-3.375000 0.396484 2.220785 1024
-3.382812 0.271484 2.220785 1024
-3.468750 0.039062 2.220785 1024
-3.453125 0.027344 2.220785 1024
-3.593750 0.640625 2.220785 1024
-3.507812 0.052734 2.220785 1024
-3.476562 0.113281 2.220785 1024
-3.585938 0.634766 2.225085 1024
-3.296875 0.126953 2.225085 1024
-3.515625 0.460938 2.225085 1024
-3.484375 0.228516 2.225085 1024
-3.710938 0.666016 2.225085 1024
-3.445312 0.167969 2.225085 1024
-3.773438 0.779297 2.225085 1024
-3.421875 0.121094 2.225085 1024
-3.398438 0.365234 2.229185 1024
-3.515625 0.361328 2.229185 1024
-3.593750 0.119141 2.229185 1024
-3.445312 0.076172 2.229185 1024
-3.359375 0.035156 2.229185 1024
-3.312500 0.029297 2.229185 1024
-3.468750 0.169922 2.229185 1024
-3.796875 0.910156 2.229185 1024
-3.390625 0.037109 2.233085 1024
-3.453125 0.283203 2.233085 1024
-3.625000 0.414062 2.233085 1024
-3.609375 0.138672 2.233085 1024
-3.617188 0.617188 2.233085 1024
-3.562500 0.382812 2.233085 1024
-3.484375 0.003906 2.233085 1024
-3.570312 0.228516 2.233085 1024
-3.359375 0.246094 2.236785 1024
-3.507812 0.050781 2.236785 1024
-3.414062 0.064453 2.236785 1024
-3.554688 0.255859 2.236785 1024
-3.437500 0.187500 2.236785 1024
-3.382812 0.158203 2.236785 1024
-3.468750 0.128906 2.236785 1024
-3.414062 0.189453 2.236785 1024
-3.445312 0.287109 2.240285 1024
-3.492188 0.384766 2.240285 1024
-3.421875 0.148438 2.240285 1024
-3.429688 0.339844 2.240285 1024
-3.492188 0.013672 2.240285 1024
-3.414062 0.570312 2.240285 1024
-3.414062 0.208984 2.240285 1024
-3.351562 0.009766 2.240285 1024
-3.398438 0.271484 2.243585 1024
-3.554688 0.142578 2.243585 1024
-3.437500 0.281250 2.243585 1024
-3.609375 0.710938 2.243585 1024
-3.460938 0.330078 2.243585 1024
-3.515625 0.558594 2.243585 1024
-3.554688 0.009766 2.243585 1024
-3.484375 0.089844 2.243585 1024
-3.531250 0.089844 2.246685 1024
-3.359375 0.001953 2.246685 1024
-3.476562 0.406250 2.246685 1024
-3.585938 0.291016 2.246685 1024
-3.476562 0.064453 2.246685 1024
-3.984375 0.998047 2.246685 1024
-3.515625 0.218750 2.246685 1024
-3.617188 0.287109 2.246685 1024
-3.445312 0.240234 2.249585 1024
-3.500000 0.373047 2.249585 1024
-3.500000 0.152344 2.249585 1024
-3.468750 0.232422 2.249585 1024
-3.468750 0.054688 2.249585 1024
-3.593750 0.619141 2.249585 1024
-3.312500 0.056641 2.249585 1024
-3.242188 0.230469 2.249585 1024
-3.515625 0.046875 2.252285 1024
-3.460938 0.085938 2.252285 1024
-3.656250 0.679688 2.252285 1024
-3.585938 0.533203 2.252285 1024
-3.375000 0.099609 2.252285 1024
-3.304688 0.175781 2.252285 1024
-3.554688 0.091797 2.252285 1024
-3.445312 0.271484 2.252285 1024
-3.562500 0.574219 2.254785 1024
-3.335938 0.046875 2.254785 1024
-3.367188 0.009766 2.254785 1024
-3.445312 0.210938 2.254785 1024
-3.507812 0.533203 2.254785 1024
-3.789062 0.859375 2.254785 1024
-3.585938 0.304688 2.254785 1024
-3.585938 0.595703 2.254785 1024
-3.437500 0.001953 2.257085 1024
-3.445312 0.126953 2.257085 1024
-3.421875 0.054688 2.257085 1024
-3.554688 0.070312 2.257085 1024
-3.609375 0.746094 2.257085 1024
-3.328125 0.068359 2.257085 1024
-3.375000 0.076172 2.257085 1024
-3.570312 0.443359 2.257085 1024
-3.265625 0.345703 2.259185 1024
-3.429688 0.363281 2.259185 1024
-3.781250 0.832031 2.259185 1024
-3.578125 0.621094 2.259185 1024
-3.671875 0.667969 2.259185 1024
-3.390625 0.179688 2.259185 1024
-3.414062 0.349609 2.259185 1024
-3.546875 0.302734 2.259185 1024
-3.429688 0.527344 2.261085 1024
-3.242188 0.093750 2.261085 1024
-3.468750 0.064453 2.261085 1024
-3.562500 0.292969 2.261085 1024
-3.242188 0.169922 2.261085 1024
-3.429688 0.480469 2.261085 1024
-3.460938 0.431641 2.261085 1024
-3.609375 0.371094 2.261085 1024
-3.492188 0.232422 2.262785 1024
-3.382812 0.109375 2.262785 1024
-3.304688 0.187500 2.262785 1024
-3.562500 0.486328 2.262785 1024
-3.296875 0.039062 2.262785 1024
-3.234375 0.087891 2.262785 1024
-3.437500 0.126953 2.262785 1024
-3.515625 0.328125 2.262785 1024
-3.351562 0.062500 2.264285 1024
-3.429688 0.033203 2.264285 1024
-3.414062 0.250000 2.264285 1024
-3.515625 0.105469 2.264285 1024
-3.554688 0.039062 2.264285 1024
-3.382812 0.117188 2.264285 1024
-3.406250 0.132812 2.264285 1024
-3.398438 0.199219 2.264285 1024
-3.414062 0.255859 2.265585 1024
-3.382812 0.173828 2.265585 1024
-3.664062 0.810547 2.265585 1024
-3.507812 0.400391 2.265585 1024
-3.304688 0.041016 2.265585 1024
-3.343750 0.332031 2.265585 1024
-3.398438 0.263672 2.265585 1024
-3.687500 0.789062 2.265585 1024
-3.304688 0.058594 2.266685 1024
-3.531250 0.439453 2.266685 1024
-3.460938 0.091797 2.266685 1024
-3.515625 0.365234 2.266685 1024
-3.523438 0.218750 2.266685 1024
-3.273438 0.091797 2.266685 1024
-3.531250 0.550781 2.266685 1024
-3.445312 0.230469 2.266685 1024
-3.445312 0.087891 2.267585 1024
-3.414062 0.126953 2.267585 1024
-3.476562 0.082031 2.267585 1024
-3.453125 0.392578 2.267585 1024
-3.484375 0.507812 2.267585 1024
-3.257812 0.078125 2.267585 1024
-3.523438 0.107422 2.267585 1024
-3.507812 0.148438 2.267585 1024
-3.437500 0.230469 2.268285 1024
-3.515625 0.492188 2.268285 1024
-3.593750 0.220703 2.268285 1024
-3.343750 0.111328 2.268285 1024
-3.492188 0.234375 2.268285 1024
-3.570312 0.074219 2.268285 1024
-3.523438 0.220703 2.268285 1024
-3.671875 0.808594 2.268285 1024
-3.250000 0.246094 2.268785 1024
-3.359375 0.080078 2.268785 1024
-3.492188 0.091797 2.268785 1024
-3.351562 0.291016 2.268785 1024
-3.468750 0.433594 2.268785 1024
-3.687500 0.849609 2.268785 1024
-3.507812 0.273438 2.268785 1024
-3.546875 0.083984 2.268785 1024
-3.484375 0.333984 2.269085 1024
-3.273438 0.173828 2.269085 1024
-3.500000 0.363281 2.269085 1024
-3.398438 0.330078 2.269085 1024
-3.351562 0.343750 2.269085 1024
-3.453125 0.158203 2.269085 1024
-3.507812 0.091797 2.269085 1024
-3.257812 0.195312 2.269085 1024
-3.359375 0.148438 2.269185 1024
-3.468750 0.042969 2.269185 1024
-3.679688 0.535156 2.269185 1024
-3.492188 0.595703 2.269185 1024
-3.625000 0.205078 2.269185 1024
-3.664062 0.658203 2.269185 1024
-3.664062 0.859375 2.269185 1024
-3.515625 0.255859 2.269185 1024
-3.281250 0.023438 2.269285 1024
-3.382812 0.507812 2.269285 1024
-3.554688 0.144531 2.269285 1024
-3.562500 0.714844 2.269285 1024
-3.351562 0.130859 2.269285 1024
-3.546875 0.322266 2.269285 1024
-3.531250 0.126953 2.269285 1024
-3.562500 0.074219 2.269285 1024
-3.312500 0.179688 2.269585 1024
-3.515625 0.318359 2.269585 1024
-3.453125 0.253906 2.269585 1024
-3.265625 0.203125 2.269585 1024
-3.312500 0.253906 2.269585 1024
-3.414062 0.402344 2.269585 1024
-3.367188 0.095703 2.269585 1024
-3.390625 0.175781 2.269585 1024
-3.421875 0.486328 2.270085 1024
-3.476562 0.216797 2.270085 1024
-3.671875 0.783203 2.270085 1024
-3.359375 0.083984 2.270085 1024
-3.523438 0.113281 2.270085 1024
-3.351562 0.148438 2.270085 1024
-3.703125 0.861328 2.270085 1024
-3.492188 0.376953 2.270085 1024
-3.453125 0.144531 2.270785 1024
-3.523438 0.271484 2.270785 1024
-3.437500 0.236328 2.270785 1024
-3.351562 0.312500 2.270785 1024
-3.593750 0.382812 2.270785 1024
-3.539062 0.265625 2.270785 1024
-3.476562 0.339844 2.270785 1024
-3.546875 0.183594 2.270785 1024
-3.460938 0.171875 2.271685 1024
-3.500000 0.369141 2.271685 1024
-3.367188 0.164062 2.271685 1024
-3.445312 0.185547 2.271685 1024
-3.515625 0.537109 2.271685 1024
-3.328125 0.146484 2.271685 1024
-3.500000 0.113281 2.271685 1024
-3.429688 0.082031 2.271685 1024
-3.242188 0.113281 2.272785 1024
-3.382812 0.041016 2.272785 1024
-3.585938 0.429688 2.272785 1024
-3.500000 0.185547 2.272785 1024
-3.421875 0.021484 2.272785 1024
-3.453125 0.371094 2.272785 1024
-3.375000 0.185547 2.272785 1024
-3.546875 0.458984 2.272785 1024
-3.335938 0.369141 2.274085 1024
-3.335938 0.218750 2.274085 1024
-3.585938 0.679688 2.274085 1024
-3.710938 0.695312 2.274085 1024
-3.296875 0.023438 2.274085 1024
-3.531250 0.677734 2.274085 1024
-3.312500 0.048828 2.274085 1024
-3.554688 0.419922 2.274085 1024
-3.445312 0.228516 2.275585 1024
-3.398438 0.279297 2.275585 1024
-3.312500 0.011719 2.275585 1024
-3.390625 0.316406 2.275585 1024
-3.265625 0.005859 2.275585 1024
-3.492188 0.560547 2.275585 1024
-3.593750 0.343750 2.275585 1024
-3.593750 0.318359 2.275585 1024
-3.390625 0.099609 2.277285 1024
-3.429688 0.330078 2.277285 1024
-3.656250 0.705078 2.277285 1024
-3.570312 0.285156 2.277285 1024
-3.492188 0.121094 2.277285 1024
-3.476562 0.085938 2.277285 1024
-3.398438 0.023438 2.277285 1024
-3.414062 0.208984 2.277285 1024
-3.375000 0.332031 2.279185 1024
-3.484375 0.056641 2.279185 1024
-3.328125 0.218750 2.279185 1024
-3.289062 0.210938 2.279185 1024
-3.437500 0.025391 2.279185 1024
-3.539062 0.339844 2.279185 1024
-3.421875 0.097656 2.279185 1024
-3.421875 0.304688 2.279185 1024
-3.312500 0.322266 2.281285 1024
-3.484375 0.419922 2.281285 1024
-3.390625 0.232422 2.281285 1024
-3.531250 0.388672 2.281285 1024
-3.328125 0.347656 2.281285 1024
-3.468750 0.388672 2.281285 1024
-3.484375 0.130859 2.281285 1024
-3.851562 0.939453 2.281285 1024
-3.445312 0.234375 2.283585 1024
-3.406250 0.158203 2.283585 1024
-3.484375 0.333984 2.283585 1024
-3.437500 0.404297 2.283585 1024
-3.632812 0.292969 2.283585 1024
-3.296875 0.111328 2.283585 1024
-3.593750 0.244141 2.283585 1024
-3.523438 0.185547 2.283585 1024
-3.406250 0.082031 2.286085 1024
-3.585938 0.585938 2.286085 1024
-3.492188 0.167969 2.286085 1024
-3.500000 0.232422 2.286085 1024
-3.460938 0.171875 2.286085 1024
-3.406250 0.419922 2.286085 1024
-3.632812 0.289062 2.286085 1024
-3.343750 0.234375 2.286085 1024
-3.492188 0.451172 2.288785 1024
-3.281250 0.117188 2.288785 1024
-3.484375 0.353516 2.288785 1024
-3.476562 0.193359 2.288785 1024
-3.789062 0.849609 2.288785 1024
-3.335938 0.242188 2.288785 1024
-3.429688 0.080078 2.288785 1024
-3.375000 0.175781 2.288785 1024
-3.578125 0.144531 2.291685 1024
-3.515625 0.310547 2.291685 1024
-3.414062 0.056641 2.291685 1024
-3.437500 0.404297 2.291685 1024
-3.351562 0.093750 2.291685 1024
-3.531250 0.197266 2.291685 1024
-3.226562 0.156250 2.291685 1024
-3.382812 0.207031 2.291685 1024
-3.695312 0.664062 2.294785 1024
-3.445312 0.232422 2.294785 1024
-3.500000 0.146484 2.294785 1024
-3.648438 0.277344 2.294785 1024
-3.367188 0.025391 2.294785 1024
-3.242188 0.105469 2.294785 1024
-3.500000 0.085938 2.294785 1024
-3.453125 0.257812 2.294785 1024
-3.382812 0.236328 2.298085 1024
-3.281250 0.234375 2.298085 1024
-3.343750 0.388672 2.298085 1024
-3.453125 0.347656 2.298085 1024
-3.507812 0.238281 2.298085 1024
-3.445312 0.126953 2.298085 1024
-3.476562 0.460938 2.298085 1024
-3.609375 0.714844 2.298085 1024
-3.273438 0.224609 2.301585 1024
-3.195312 0.011719 2.301585 1024
-3.515625 0.365234 2.301585 1024
-3.562500 0.451172 2.301585 1024
-3.437500 0.107422 2.301585 1024
-3.476562 0.126953 2.301585 1024
-3.507812 0.109375 2.301585 1024
-3.554688 0.244141 2.301585 1024
-3.539062 0.630859 2.305285 1024
-3.382812 0.416016 2.305285 1024
-3.484375 0.003906 2.305285 1024
-3.726562 0.740234 2.305285 1024
-3.359375 0.265625 2.305285 1024
-3.304688 0.167969 2.305285 1024
-3.312500 0.201172 2.305285 1024
-3.296875 0.302734 2.305285 1024
-3.398438 0.164062 2.309185 1024
-3.421875 0.083984 2.309185 1024
-3.375000 0.462891 2.309185 1024
-3.414062 0.066406 2.309185 1024
-3.328125 0.283203 2.309185 1024
-3.562500 0.369141 2.309185 1024
-3.421875 0.343750 2.309185 1024
-3.476562 0.458984 2.309185 1024
-3.382812 0.244141 2.313285 1024
-3.328125 0.191406 2.313285 1024
-3.335938 0.271484 2.313285 1024
-3.398438 0.367188 2.313285 1024
-3.390625 0.011719 2.313285 1024
-3.515625 0.382812 2.313285 1024
-3.382812 0.023438 2.313285 1024
-3.445312 0.021484 2.313285 1024
-3.351562 0.234375 2.317585 1024
-3.375000 0.185547 2.317585 1024
-3.453125 0.080078 2.317585 1024
-3.546875 0.511719 2.317585 1024
-3.484375 0.484375 2.317585 1024
-3.492188 0.417969 2.317585 1024
-3.554688 0.451172 2.317585 1024
-3.367188 0.210938 2.317585 1024
-3.375000 0.066406 2.322085 1024
-3.406250 0.214844 2.322085 1024
-3.437500 0.464844 2.322085 1024
-3.554688 0.378906 2.322085 1024
-3.531250 0.316406 2.322085 1024
-3.390625 0.105469 2.322085 1024
-3.523438 0.533203 2.322085 1024
-3.164062 0.128906 2.322085 1024
-3.218750 0.250000 2.326785 1024
-3.359375 0.273438 2.326785 1024
-3.414062 0.449219 2.326785 1024
-3.421875 0.451172 2.326785 1024
-3.390625 0.371094 2.326785 1024
-3.601562 0.115234 2.326785 1024
-3.750000 0.884766 2.326785 1024
-3.734375 0.746094 2.326785 1024
-3.281250 0.136719 2.331685 1024
-3.578125 0.587891 2.331685 1024
-3.570312 0.480469 2.331685 1024
-3.398438 0.220703 2.331685 1024
-3.414062 0.171875 2.331685 1024
-3.328125 0.109375 2.331685 1024
-3.492188 0.160156 2.331685 1024
-3.546875 0.101562 2.331685 1024
-3.500000 0.203125 2.336785 1024
-3.351562 0.015625 2.336785 1024
-3.500000 0.046875 2.336785 1024
-3.539062 0.187500 2.336785 1024
-3.515625 0.539062 2.336785 1024
-3.460938 0.130859 2.336785 1024
-3.539062 0.558594 2.336785 1024
-3.804688 0.927734 2.336785 1024
-3.390625 0.154297 2.342085 1024
-3.242188 0.195312 2.342085 1024
-3.570312 0.509766 2.342085 1024
-3.414062 0.195312 2.342085 1024
-3.367188 0.148438 2.342085 1024
-3.335938 0.240234 2.342085 1024
-3.398438 0.035156 2.342085 1024
-3.546875 0.521484 2.342085 1024
-3.492188 0.601562 2.347585 1024
-3.273438 0.121094 2.347585 1024
-3.398438 0.033203 2.347585 1024
-3.390625 0.042969 2.347585 1024
-3.570312 0.292969 2.347585 1024
-3.351562 0.042969 2.347585 1024
-3.226562 0.189453 2.347585 1024
-3.375000 0.105469 2.347585 1024
-3.445312 0.240234 2.353285 1024
-3.328125 0.015625 2.353285 1024
-3.390625 0.068359 2.353285 1024
-3.507812 0.404297 2.353285 1024
-3.296875 0.115234 2.353285 1024
-3.273438 0.044922 2.353285 1024
-3.687500 0.775391 2.353285 1024
-3.398438 0.400391 2.353285 1024
-3.281250 0.148438 2.359185 1024
-3.398438 0.396484 2.359185 1024
-3.484375 0.226562 2.359185 1024
-3.429688 0.089844 2.359185 1024
-3.398438 0.175781 2.359185 1024
-3.492188 0.152344 2.359185 1024
-3.312500 0.095703 2.359185 1024
-3.500000 0.240234 2.359185 1024
-3.273438 0.365234 2.365285 1024
-3.351562 0.275391 2.365285 1024
-3.382812 0.273438 2.365285 1024
-3.531250 0.220703 2.365285 1024
-3.578125 0.685547 2.365285 1024
-3.429688 0.099609 2.365285 1024
-3.429688 0.003906 2.365285 1024
-3.515625 0.447266 2.365285 1024
-3.562500 0.517578 2.371585 1024
-3.656250 0.714844 2.371585 1024
-3.343750 0.011719 2.371585 1024
-3.523438 0.095703 2.371585 1024
-3.335938 0.113281 2.371585 1024
-3.429688 0.117188 2.371585 1024
-3.507812 0.066406 2.371585 1024
-3.492188 0.242188 2.371585 1024
-3.289062 0.308594 2.378085 1024
-3.515625 0.490234 2.378085 1024
-3.351562 0.035156 2.378085 1024
-3.562500 0.542969 2.378085 1024
-3.445312 0.341797 2.378085 1024
-3.359375 0.089844 2.378085 1024
-3.578125 0.488281 2.378085 1024
-3.562500 0.343750 2.378085 1024
-3.320312 0.062500 2.384785 1024
-3.406250 0.298828 2.384785 1024
-3.781250 0.900391 2.384785 1024
-3.359375 0.285156 2.384785 1024
-3.515625 0.324219 2.384785 1024
-3.687500 0.681641 2.384785 1024
-3.546875 0.658203 2.384785 1024
-3.781250 0.845703 2.384785 1024
-3.195312 0.103516 2.391685 1024
-3.296875 0.136719 2.391685 1024
-3.421875 0.173828 2.391685 1024
-3.546875 0.203125 2.391685 1024
-3.523438 0.126953 2.391685 1024
-3.515625 0.640625 2.391685 1024
-3.257812 0.197266 2.391685 1024
-3.335938 0.111328 2.391685 1024
-3.382812 0.007812 2.398785 1024
-3.390625 0.337891 2.398785 1024
-3.312500 0.105469 2.398785 1024
-3.382812 0.191406 2.398785 1024
-3.375000 0.210938 2.398785 1024
-3.515625 0.279297 2.398785 1024
-3.507812 0.251953 2.398785 1024
-3.398438 0.179688 2.398785 1024
-3.328125 0.220703 2.406085 1024
-3.468750 0.609375 2.406085 1024
-3.390625 0.035156 2.406085 1024
-3.484375 0.007812 2.406085 1024
-3.421875 0.072266 2.406085 1024
-3.343750 0.056641 2.406085 1024
-3.460938 0.365234 2.406085 1024
-3.343750 0.216797 2.406085 1024
-3.476562 0.314453 2.413585 1024
-3.421875 0.406250 2.413585 1024
-3.421875 0.273438 2.413585 1024
-3.687500 0.664062 2.413585 1024
-3.539062 0.335938 2.413585 1024
-3.296875 0.074219 2.413585 1024
-3.640625 0.435547 2.413585 1024
-3.375000 0.337891 2.413585 1024
-3.468750 0.240234 2.421285 1024
-3.296875 0.136719 2.421285 1024
-3.445312 0.179688 2.421285 1024
-3.828125 0.835938 2.421285 1024
-3.304688 0.140625 2.421285 1024
-3.554688 0.287109 2.421285 1024
-3.453125 0.505859 2.421285 1024
-3.500000 0.308594 2.421285 1024
-3.492188 0.048828 2.429185 1024
-3.421875 0.267578 2.429185 1024
-3.421875 0.093750 2.429185 1024
-3.523438 0.558594 2.429185 1024
-3.406250 0.517578 2.429185 1024
-3.570312 0.556641 2.429185 1024
-3.445312 0.527344 2.429185 1024
-3.703125 0.775391 2.429185 1024
-3.492188 0.072266 2.437285 1024
-3.367188 0.304688 2.437285 1024
-3.476562 0.242188 2.437285 1024
-3.687500 0.628906 2.437285 1024
-3.515625 0.003906 2.437285 1024
-3.398438 0.398438 2.437285 1024
-3.289062 0.167969 2.437285 1024
-3.304688 0.519531 2.437285 1024
-3.367188 0.130859 2.445585 1024
-3.335938 0.224609 2.445585 1024
-3.578125 0.121094 2.445585 1024
-3.804688 0.914062 2.445585 1024
-3.507812 0.103516 2.445585 1024
-3.351562 0.312500 2.445585 1024
-3.578125 0.367188 2.445585 1024
-3.468750 0.412109 2.445585 1024
-3.335938 0.324219 2.454085 1024
-3.546875 0.099609 2.454085 1024
-3.460938 0.015625 2.454085 1024
-3.437500 0.035156 2.454085 1024
-3.484375 0.158203 2.454085 1024
-3.492188 0.146484 2.454085 1024
-3.625000 0.445312 2.454085 1024
-3.335938 0.068359 2.454085 1024
-3.656250 0.728516 2.462785 1024
-3.671875 0.753906 2.462785 1024
-3.507812 0.169922 2.462785 1024
-3.640625 0.517578 2.462785 1024
-3.242188 0.052734 2.462785 1024
-3.531250 0.681641 2.462785 1024
-3.500000 0.455078 2.462785 1024
-3.601562 0.542969 2.462785 1024
-3.375000 0.267578 2.471685 1024
-3.195312 0.001953 2.471685 1024
-3.570312 0.054688 2.471685 1024
-3.625000 0.410156 2.471685 1024
-3.265625 0.083984 2.471685 1024
-3.578125 0.037109 2.471685 1024
-3.453125 0.308594 2.471685 1024
-3.578125 0.333984 2.471685 1024
-3.390625 0.144531 2.480785 1024
-3.390625 0.482422 2.480785 1024
-3.367188 0.244141 2.480785 1024
-3.429688 0.031250 2.480785 1024
-3.312500 0.177734 2.480785 1024
-3.390625 0.310547 2.480785 1024
-3.265625 0.228516 2.480785 1024
-3.703125 0.671875 2.480785 1024
-3.367188 0.031250 2.490085 1024
-3.382812 0.302734 2.490085 1024
-3.343750 0.271484 2.490085 1024
-3.507812 0.453125 2.490085 1024
-3.312500 0.224609 2.490085 1024
-3.312500 0.203125 2.490085 1024
-3.437500 0.152344 2.490085 1024
-3.687500 0.574219 2.490085 1024
-3.382812 0.121094 2.499585 1024
-3.390625 0.003906 2.499585 1024
-3.289062 0.171875 2.499585 1024
-3.593750 0.382812 2.499585 1024
-3.320312 0.390625 2.499585 1024
-3.250000 0.056641 2.499585 1024
-3.351562 0.222656 2.499585 1024
-3.500000 0.517578 2.499585 1024
-3.382812 0.251953 2.509285 1024
-3.250000 0.052734 2.509285 1024
-3.382812 0.019531 2.509285 1024
-3.617188 0.681641 2.509285 1024
-3.742188 0.789062 2.509285 1024
-3.585938 0.437500 2.509285 1024
-3.406250 0.166016 2.509285 1024
-3.507812 0.439453 2.509285 1024
-3.320312 0.238281 2.519185 1024
-3.523438 0.185547 2.519185 1024
-3.343750 0.115234 2.519185 1024
-3.312500 0.242188 2.519185 1024
-3.335938 0.119141 2.519185 1024
-3.203125 0.091797 2.519185 1024
-3.320312 0.056641 2.519185 1024
-3.507812 0.089844 2.519185 1024
-3.414062 0.437500 2.529285 1024
-3.304688 0.185547 2.529285 1024
-3.562500 0.599609 2.529285 1024
-3.406250 0.103516 2.529285 1024
-3.406250 0.011719 2.529285 1024
-3.398438 0.005859 2.529285 1024
-3.312500 0.208984 2.529285 1024
-3.414062 0.322266 2.529285 1024
-3.445312 0.375000 2.539585 1024
-3.289062 0.347656 2.539585 1024
-3.359375 0.136719 2.539585 1024
-3.593750 0.306641 2.539585 1024
-3.539062 0.058594 2.539585 1024
-3.343750 0.242188 2.539585 1024
-3.421875 0.261719 2.539585 1024
-3.531250 0.384766 2.539585 1024
-3.398438 0.189453 2.550085 1024
-3.289062 0.087891 2.550085 1024
-3.398438 0.335938 2.550085 1024
-3.492188 0.111328 2.550085 1024
-3.546875 0.394531 2.550085 1024
-3.335938 0.085938 2.550085 1024
-3.289062 0.027344 2.550085 1024
-3.734375 0.818359 2.550085 1024
-3.460938 0.179688 2.560785 1024
-3.421875 0.187500 2.560785 1024
-3.531250 0.457031 2.560785 1024
-3.484375 0.220703 2.560785 1024
-3.492188 0.144531 2.560785 1024
-3.390625 0.355469 2.560785 1024
-3.500000 0.369141 2.560785 1024
-3.265625 0.150391 2.560785 1024
-3.398438 0.074219 2.571685 1024
-3.375000 0.242188 2.571685 1024
-3.484375 0.699219 2.571685 1024
-3.578125 0.607422 2.571685 1024
-3.375000 0.343750 2.571685 1024
-3.398438 0.214844 2.571685 1024
-3.359375 0.164062 2.571685 1024
-3.312500 0.087891 2.571685 1024
-3.421875 0.324219 2.582785 1024
-3.437500 0.162109 2.582785 1024
-3.382812 0.156250 2.582785 1024
-3.257812 0.142578 2.582785 1024
-3.390625 0.064453 2.582785 1024
-3.546875 0.423828 2.582785 1024
-3.289062 0.091797 2.582785 1024
-3.320312 0.279297 2.582785 1024
-3.328125 0.181641 2.594085 1024
-3.515625 0.607422 2.594085 1024
-3.304688 0.015625 2.594085 1024
-3.460938 0.179688 2.594085 1024
-3.304688 0.195312 2.594085 1024
-3.437500 0.259766 2.594085 1024
-3.382812 0.109375 2.594085 1024
-3.460938 0.458984 2.594085 1024
-3.523438 0.472656 2.605585 1024
-3.601562 0.132812 2.605585 1024
-3.398438 0.267578 2.605585 1024
-3.414062 0.326172 2.605585 1024
-3.382812 0.123047 2.605585 1024
-3.218750 0.316406 2.605585 1024
-3.570312 0.587891 2.605585 1024
-3.328125 0.199219 2.605585 1024
-3.492188 0.189453 2.617285 1024
-3.429688 0.541016 2.617285 1024
-3.382812 0.046875 2.617285 1024
-3.453125 0.542969 2.617285 1024
-3.554688 0.259766 2.617285 1024
-3.179688 0.191406 2.617285 1024
-3.359375 0.023438 2.617285 1024
-3.320312 0.023438 2.617285 1024
-3.390625 0.242188 2.629185 1024
-3.437500 0.046875 2.629185 1024
-3.523438 0.644531 2.629185 1024
-3.585938 0.605469 2.629185 1024
-3.390625 0.126953 2.629185 1024
-3.375000 0.281250 2.629185 1024
-3.710938 0.736328 2.629185 1024
-3.484375 0.568359 2.629185 1024
-3.460938 0.576172 2.641285 1024
-3.296875 0.218750 2.641285 1024
-3.328125 0.439453 2.641285 1024
-3.445312 0.390625 2.641285 1024
-3.312500 0.068359 2.641285 1024
-3.242188 0.009766 2.641285 1024
-3.437500 0.492188 2.641285 1024
-3.382812 0.626953 2.641285 1024
-3.632812 0.748047 2.653585 1024
-3.539062 0.591797 2.653585 1024
-3.445312 0.416016 2.653585 1024
-3.726562 0.757812 2.653585 1024
-3.406250 0.128906 2.653585 1024
-3.359375 0.355469 2.653585 1024
-3.289062 0.269531 2.653585 1024
-3.484375 0.464844 2.653585 1024
-3.515625 0.492188 2.666085 1024
-3.453125 0.542969 2.666085 1024
-3.367188 0.220703 2.666085 1024
-3.289062 0.214844 2.666085 1024
-3.335938 0.449219 2.666085 1024
-3.242188 0.351562 2.666085 1024
-3.156250 0.238281 2.666085 1024
-3.578125 0.619141 2.666085 1024
-3.335938 0.107422 2.678785 1024
-3.382812 0.103516 2.678785 1024
-3.242188 0.222656 2.678785 1024
-3.382812 0.046875 2.678785 1024
-3.414062 0.267578 2.678785 1024
-3.351562 0.142578 2.678785 1024
-3.617188 0.597656 2.678785 1024
-3.226562 0.117188 2.678785 1024
-3.234375 0.130859 2.691685 1024
-3.445312 0.255859 2.691685 1024
-3.437500 0.396484 2.691685 1024
-3.234375 0.343750 2.691685 1024
-3.453125 0.292969 2.691685 1024
-3.335938 0.001953 2.691685 1024
-3.414062 0.054688 2.691685 1024
-3.406250 0.138672 2.691685 1024
-3.546875 0.287109 2.704785 1024
-3.367188 0.238281 2.704785 1024
-3.531250 0.115234 2.704785 1024
-3.523438 0.402344 2.704785 1024
-3.265625 0.046875 2.704785 1024
-3.281250 0.455078 2.704785 1024
-3.578125 0.441406 2.704785 1024
-3.406250 0.148438 2.704785 1024
-3.742188 0.873047 2.718085 1024
-3.273438 0.193359 2.718085 1024
-3.468750 0.488281 2.718085 1024
-3.445312 0.269531 2.718085 1024
-3.453125 0.535156 2.718085 1024
-3.296875 0.060547 2.718085 1024
-3.289062 0.185547 2.718085 1024
-3.257812 0.041016 2.718085 1024
-3.460938 0.392578 2.731585 1024
-3.296875 0.054688 2.731585 1024
-3.484375 0.560547 2.731585 1024
-3.523438 0.263672 2.731585 1024
-3.367188 0.255859 2.731585 1024
-3.234375 0.281250 2.731585 1024
-3.351562 0.021484 2.731585 1024
-3.406250 0.035156 2.731585 1024
-3.421875 0.107422 2.745285 1024
-3.328125 0.341797 2.745285 1024
-3.453125 0.156250 2.745285 1024
-3.468750 0.142578 2.745285 1024
-3.601562 0.517578 2.745285 1024
-3.210938 0.070312 2.745285 1024
-3.437500 0.527344 2.745285 1024
-3.367188 0.142578 2.745285 1024
-3.515625 0.320312 2.759185 1024
-3.312500 0.115234 2.759185 1024
-3.437500 0.248047 2.759185 1024
-3.343750 0.031250 2.759185 1024
-3.359375 0.203125 2.759185 1024
-3.281250 0.158203 2.759185 1024
-3.382812 0.546875 2.759185 1024
-3.351562 0.400391 2.759185 1024
-3.414062 0.347656 2.773285 1024
-3.367188 0.457031 2.773285 1024
-3.296875 0.390625 2.773285 1024
-3.328125 0.175781 2.773285 1024
-3.484375 0.376953 2.773285 1024
-3.429688 0.167969 2.773285 1024
-3.406250 0.214844 2.773285 1024
-3.367188 0.468750 2.773285 1024
-3.218750 0.058594 2.787585 1024
-3.250000 0.341797 2.787585 1024
-3.265625 0.253906 2.787585 1024
-3.531250 0.576172 2.787585 1024
-3.445312 0.091797 2.787585 1024
-3.289062 0.025391 2.787585 1024
-3.429688 0.052734 2.787585 1024
-3.265625 0.359375 2.787585 1024
-3.289062 0.357422 2.802085 1024
-3.265625 0.035156 2.802085 1024
-3.437500 0.296875 2.802085 1024
-3.429688 0.650391 2.802085 1024
-3.500000 0.457031 2.802085 1024
-3.453125 0.027344 2.802085 1024
-3.195312 0.105469 2.802085 1024
-3.421875 0.427734 2.802085 1024
-3.382812 0.210938 2.816785 1024
-3.359375 0.275391 2.816785 1024
-3.281250 0.375000 2.816785 1024
-3.812500 0.908203 2.816785 1024
-3.289062 0.441406 2.816785 1024
-3.125000 0.039062 2.816785 1024
-3.140625 0.121094 2.816785 1024
-3.109375 0.066406 2.816785 1024
-3.101562 0.035156 2.831685 1024
-3.234375 0.064453 2.831685 1024
-3.335938 0.150391 2.831685 1024
-3.382812 0.193359 2.831685 1024
-3.375000 0.056641 2.831685 1024
-3.375000 0.121094 2.831685 1024
-3.335938 0.296875 2.831685 1024
-3.554688 0.412109 2.831685 1024
-3.312500 0.525391 2.846785 1024
-3.484375 0.580078 2.846785 1024
-3.531250 0.048828 2.846785 1024
-3.359375 0.429688 2.846785 1024
-3.320312 0.539062 2.846785 1024
-3.414062 0.152344 2.846785 1024
-3.250000 0.066406 2.846785 1024
-3.500000 0.523438 2.846785 1024
-3.359375 0.251953 2.862085 1024
-3.312500 0.173828 2.862085 1024
-3.390625 0.455078 2.862085 1024
-3.257812 0.435547 2.862085 1024
-3.414062 0.005859 2.862085 1024
-3.335938 0.255859 2.862085 1024
-3.312500 0.228516 2.862085 1024
-3.460938 0.488281 2.862085 1024
-3.523438 0.476562 2.877585 1024
-3.390625 0.039062 2.877585 1024
-3.492188 0.435547 2.877585 1024
-3.437500 0.126953 2.877585 1024
-3.234375 0.207031 2.877585 1024
-3.359375 0.181641 2.877585 1024
-3.234375 0.021484 2.877585 1024
-3.312500 0.044922 2.877585 1024
-3.445312 0.126953 2.893285 1024
-3.281250 0.296875 2.893285 1024
-3.367188 0.205078 2.893285 1024
-3.140625 0.242188 2.893285 1024
-3.460938 0.279297 2.893285 1024
-3.296875 0.052734 2.893285 1024
-3.273438 0.386719 2.893285 1024
-3.507812 0.300781 2.893285 1024
-3.445312 0.597656 2.909185 1024
-3.359375 0.003906 2.909185 1024
-3.281250 0.115234 2.909185 1024
-3.210938 0.148438 2.909185 1024
-3.375000 0.648438 2.909185 1024
-3.062500 0.113281 2.909185 1024
-3.679688 0.771484 2.909185 1024
-3.367188 0.097656 2.909185 1024
-3.265625 0.140625 2.925285 1024
-3.460938 0.162109 2.925285 1024
-3.242188 0.277344 2.925285 1024
-3.390625 0.072266 2.925285 1024
-3.695312 0.845703 2.925285 1024
-3.164062 0.468750 2.925285 1024
-3.148438 0.187500 2.925285 1024
-3.078125 0.158203 2.925285 1024
-3.320312 0.439453 2.941585 1024
-3.242188 0.148438 2.941585 1024
-3.359375 0.277344 2.941585 1024
-3.757812 0.908203 2.941585 1024
-3.609375 0.783203 2.941585 1024
-3.390625 0.281250 2.941585 1024
-3.390625 0.042969 2.941585 1024
-3.593750 0.447266 2.941585 1024
-3.304688 0.201172 2.958085 1024
-3.343750 0.164062 2.958085 1024
-3.312500 0.091797 2.958085 1024
-3.515625 0.736328 2.958085 1024
-3.304688 0.044922 2.958085 1024
-3.265625 0.416016 2.958085 1024
-3.226562 0.359375 2.958085 1024
-3.484375 0.437500 2.958085 1024
-3.531250 0.570312 2.974785 1024
-3.359375 0.115234 2.974785 1024
-3.648438 0.857422 2.974785 1024
-3.460938 0.505859 2.974785 1024
-3.234375 0.308594 2.974785 1024
-3.257812 0.095703 2.974785 1024
-3.492188 0.113281 2.974785 1024
-3.429688 0.476562 2.974785 1024
-3.265625 0.222656 2.991685 1024
-3.414062 0.154297 2.991685 1024
-3.312500 0.101562 2.991685 1024
-3.460938 0.205078 2.991685 1024
-3.265625 0.316406 2.991685 1024
-3.375000 0.251953 2.991685 1024
-3.312500 0.072266 2.991685 1024
-3.320312 0.128906 2.991685 1024
-3.226562 0.259766 3.008785 1024
-3.265625 0.150391 3.008785 1024
-3.296875 0.050781 3.008785 1024
-3.320312 0.324219 3.008785 1024
-3.328125 0.310547 3.008785 1024
-3.109375 0.025391 3.008785 1024
-3.500000 0.070312 3.008785 1024
-3.484375 0.199219 3.008785 1024
-3.257812 0.539062 3.026085 1024
-3.328125 0.337891 3.026085 1024
-3.210938 0.255859 3.026085 1024
-3.507812 0.359375 3.026085 1024
-3.429688 0.158203 3.026085 1024
-3.250000 0.453125 3.026085 1024
-3.281250 0.167969 3.026085 1024
-3.367188 0.482422 3.026085 1024
-3.203125 0.150391 3.043585 1024
-3.265625 0.210938 3.043585 1024
-3.335938 0.380859 3.043585 1024
-3.343750 0.208984 3.043585 1024
-3.304688 0.177734 3.043585 1024
-3.406250 0.308594 3.043585 1024
-3.414062 0.214844 3.043585 1024
-3.398438 0.365234 3.043585 1024
-3.351562 0.148438 3.061285 1024
-3.257812 0.289062 3.061285 1024
-3.460938 0.275391 3.061285 1024
-3.375000 0.195312 3.061285 1024
-3.359375 0.546875 3.061285 1024
-3.171875 0.302734 3.061285 1024
-3.351562 0.587891 3.061285 1024
-3.375000 0.304688 3.061285 1024
-3.382812 0.216797 3.079185 1024
-3.109375 0.193359 3.079185 1024
-3.375000 0.597656 3.079185 1024
-3.375000 0.126953 3.079185 1024
-3.367188 0.101562 3.079185 1024
-3.265625 0.121094 3.079185 1024
-3.320312 0.013672 3.079185 1024
-3.312500 0.119141 3.079185 1024
-3.484375 0.537109 3.097285 1024
-3.367188 0.525391 3.097285 1024
-3.343750 0.218750 3.097285 1024
-3.265625 0.511719 3.097285 1024
-3.085938 0.005859 3.097285 1024
-3.273438 0.115234 3.097285 1024
-3.250000 0.080078 3.097285 1024
-3.046875 0.056641 3.097285 1024
-3.132812 0.255859 3.115585 1024
-3.320312 0.322266 3.115585 1024
-3.453125 0.429688 3.115585 1024
-3.531250 0.605469 3.115585 1024
-3.187500 0.070312 3.115585 1024
-3.367188 0.312500 3.115585 1024
-3.289062 0.310547 3.115585 1024
-3.296875 0.314453 3.115585 1024
-3.382812 0.076172 3.134085 1024
-3.273438 0.220703 3.134085 1024
-3.281250 0.007812 3.134085 1024
-3.328125 0.496094 3.134085 1024
-3.265625 0.058594 3.134085 1024
-3.203125 0.208984 3.134085 1024
-3.414062 0.070312 3.134085 1024
-3.531250 0.777344 3.134085 1024
-3.257812 0.039062 3.152785 1024
-3.375000 0.316406 3.152785 1024
-3.539062 0.601562 3.152785 1024
-3.429688 0.626953 3.152785 1024
-3.390625 0.519531 3.152785 1024
-3.445312 0.703125 3.152785 1024
-3.390625 0.595703 3.152785 1024
-3.343750 0.183594 3.152785 1024
-3.398438 0.261719 3.171685 1024
-3.296875 0.183594 3.171685 1024
-3.398438 0.521484 3.171685 1024
-3.757812 0.917969 3.171685 1024
-3.226562 0.162109 3.171685 1024
-3.132812 0.414062 3.171685 1024
-3.242188 0.298828 3.171685 1024
-3.882812 0.984375 3.171685 1024
-2.984375 0.117188 3.190785 1024
-3.210938 0.382812 3.190785 1024
-3.320312 0.304688 3.190785 1024
-3.257812 0.199219 3.190785 1024
-3.140625 0.263672 3.190785 1024
-3.398438 0.654297 3.190785 1024
-3.585938 0.685547 3.190785 1024
-3.468750 0.593750 3.190785 1024
-3.335938 0.296875 3.210085 1024
-2.984375 0.216797 3.210085 1024
-3.257812 0.570312 3.210085 1024
-3.257812 0.119141 3.210085 1024
-3.203125 0.152344 3.210085 1024
-3.437500 0.187500 3.210085 1024
-3.320312 0.218750 3.210085 1024
-3.234375 0.013672 3.210085 1024
-3.101562 0.234375 3.229585 1024
-3.171875 0.148438 3.229585 1024
-3.078125 0.173828 3.229585 1024
-3.179688 0.031250 3.229585 1024
-3.164062 0.275391 3.229585 1024
-3.507812 0.628906 3.229585 1024
-3.343750 0.121094 3.229585 1024
-3.257812 0.271484 3.229585 1024
-3.078125 0.144531 3.249285 1024
-3.062500 0.164062 3.249285 1024
-3.171875 0.021484 3.249285 1024
-3.445312 0.669922 3.249285 1024
-3.226562 0.064453 3.249285 1024
-3.421875 0.615234 3.249285 1024
-2.992188 0.101562 3.249285 1024
-3.156250 0.148438 3.249285 1024
